4.49430640118479 0 0 0 
4.55540974164884 0 0 0 
4.43785584992595 0 0 0 
4.58473342109594 0 0 0 
4.57407437880533 0 0 0 
4.55475563600461 0 0 0 
4.5130039493171 0 0 0 
4.5296527892052 0 0 0 
4.5454171466184 0 0 0 
4.56904722725029 0 0 0 
4.62103422741484 0 0 0 
4.45807553068948 0 0 0 
4.52896988645713 0 0 0 
4.50358729636334 0 0 0 
4.56370742142505 0 0 0 
4.59245927266743 0 0 0 
4.3801382260984 0 0 0 
4.5106425868027 0 0 0 
4.50376419285832 0 0 0 
4.50352147441172 0 0 0 
4.46531594536778 0 0 0 
4.55165789040645 0 0 0 
4.58939032417311 0 0 0 
4.50587460918216 0 0 0 
4.55389172288958 0 0 0 
4.58639542537436 0 0 0 
4.53500905051835 0 0 0 
4.48291097581043 0 0 0 
4.4704336021063 0 0 0 
4.58565492841863 0 0 0 
4.45321293401349 0 0 0 
4.49995886128024 0 0 0 
4.56665706763205 0 0 0 
4.48128188250782 0 0 0 
4.52162251110745 0 0 0 
4.5457298008886 0 0 0 
4.48850995557018 0 0 0 
4.47811831495804 0 0 0 
4.53326476880039 0 0 0 
4.57408260654928 0 0 0 
4.48217870659865 0 0 0 
4.50622017442817 0 0 0 
4.4975522461741 0 0 0 
4.57502468323186 0 0 0 
4.45216389665954 0 0 0 
4.55571005430311 0 0 0 
4.53389007734079 0 0 0 
4.53628846470298 0 0 0 
4.54011847951292 0 0 0 
4.56426279414185 0 0 0 
4.53215402336679 0 0 0 
4.46701497449399 0 0 0 
4.64064094125391 0 0 0 
4.51936810926444 0 0 0 
4.48061954911963 0 0 0 
4.55566480171137 0 0 0 
4.53459766332072 0 0 0 
4.46252262629587 0 0 0 
4.60594865887774 0 0 0 
4.5657808129011 0 0 0 
4.55869672535791 0 0 0 
4.5275876254731 0 0 0 
4.54386621688333 0 0 0 
4.48506253085404 0 0 0 
4.47400855685371 0 0 0 
4.50700181010367 0 0 0 
4.52518512423893 0 0 0 
4.55572650979101 0 0 0 
4.53453595524107 0 0 0 
4.39958861280237 0 0 0 
4.50320059239756 0 0 0 
4.57168010531512 0 0 0 
4.46582606549284 0 0 0 
4.48159453677802 0 0 0 
4.49342191870989 0 0 0 
4.50481734408425 0 0 0 
4.55078986341945 0 0 0 
4.4383166035873 0 0 0 
4.53858811913773 0 0 0 
4.52182409083429 0 0 0 
4.54799654434754 0 0 0 
4.43825489550765 0 0 0 
4.45155092973507 0 0 0 
4.52999835445121 0 0 0 
4.58849761395425 0 0 0 
4.3803480335692 0 0 0 
4.59771268718117 0 0 0 
4.50618726345236 0 0 0 
4.49085897646865 0 0 0 
4.42837337502057 0 0 0 
4.54232762876419 0 0 0 
4.5818742800724 0 0 0 
4.55242307059404 0 0 0 
4.50447589271022 0 0 0 
4.52590505183479 0 0 0 
4.4425004113872 0 0 0 
4.50667681421754 0 0 0 
4.50134112226428 0 0 0 
4.43915171959849 0 0 0 
4.54065328286984 0 0 0 
4.52881767319401 0 0 0 
4.52697054467665 0 0 0 
4.50760243541221 0 0 0 
4.45074872469969 0 0 0 
4.58437962810597 0 0 0 
4.50473506664473 0 0 0 
4.47337090669738 0 0 0 
4.55618726345236 0 0 0 
4.48881849596841 0 0 0 
4.44499341780484 0 0 0 
4.58453595524107 0 0 0 
4.58733750205694 0 0 0 
4.57966513082113 0 0 0 
4.48545334869179 0 0 0 
4.43408342932368 0 0 0 
4.5053480335692 0 0 0 
4.45327875596511 0 0 0 
4.4973259832154 0 0 0 
4.53678624321211 0 0 0 
4.53608688497614 0 0 0 
4.49855191706434 0 0 0 
4.4072568701662 0 0 0 
4.4952772749712 0 0 0 
4.48152871482639 0 0 0 
4.50833059075202 0 0 0 
4.55837172947178 0 0 0 
4.44448329767978 0 0 0 
4.5066151061379 0 0 0 
4.58611568207997 0 0 0 
4.51605644232351 0 0 0 
4.46922000987329 0 0 0 
4.43752674016785 0 0 0 
4.61495392463387 0 0 0 
4.51372387691295 0 0 0 
4.47670725687017 0 0 0 
4.48623909823926 0 0 0 
4.52629998354451 0 0 0 
4.42462975152213 0 0 0 
4.55995557018266 0 0 0 
4.56691624156656 0 0 0 
4.51692446931052 0 0 0 
4.45697301299984 0 0 0 
4.51532417311173 0 0 0 
4.4909206845483 0 0 0 
4.4049654434754 0 0 0 
4.55476386374856 0 0 0 
4.53502139213428 0 0 0 
4.52549777850913 0 0 0 
4.40829767977621 0 0 0 
4.52172124403489 0 0 0 
4.49428994569689 0 0 0 
4.57264686522955 0 0 0 
4.44858894191213 0 0 0 
4.40887362185289 0 0 0 
4.49095770939608 0 0 0 
4.48195655751193 0 0 0 
4.46843426032582 0 0 0 
4.51840546322198 0 0 0 
4.45453760078986 0 0 0 
4.42775218035215 0 0 0 
4.51662415665624 0 0 0 
4.49844084252098 0 0 0 
4.4921013658055 0 0 0 
4.49552410728978 0 0 0 
4.45297021556689 0 0 0 
4.46642257692941 0 0 0 
4.5350872140859 0 0 0 
4.55034967911799 0 0 0 
4.52377818002304 0 0 0 
4.47884647029784 0 0 0 
4.54603422741484 0 0 0 
4.42578574954747 0 0 0 
4.50296198782294 0 0 0 
4.49837090669738 0 0 0 
4.58170561132138 0 0 0 
4.4396001316439 0 0 0 
4.46122675662333 0 0 0 
4.453472107948 0 0 0 
4.51190554549942 0 0 0 
4.4261971367451 0 0 0 
4.57337090669738 0 0 0 
4.50965937140036 0 0 0 
4.51079068619385 0 0 0 
4.44134029948988 0 0 0 
4.59352887938127 0 0 0 
4.40388349514563 0 0 0 
4.53915583347046 0 0 0 
4.52623416159289 0 0 0 
4.61065081454665 0 0 0 
4.49185041961494 0 0 0 
4.51506088530525 0 0 0 
4.47707750534803 0 0 0 
4.46606878393944 0 0 0 
4.50396577258516 0 0 0 
4.52754648675333 0 0 0 
4.5177595853217 0 0 0 
4.40846223465526 0 0 0 
4.52547720914925 0 0 0 
4.41370330755307 0 0 0 
4.46667352311996 0 0 0 
4.48294800065822 0 0 0 
4.5355726509791 0 0 0 
4.53535872963633 0 0 0 
4.44440102024025 0 0 0 
4.48785173605397 0 0 0 
4.61815451703143 0 0 0 
4.46394602599967 0 0 0 
4.49289534309692 0 0 0 
4.53600049366464 0 0 0 
4.4859552410729 0 0 0 
4.49312160605562 0 0 0 
4.53118314958038 0 0 0 
4.47922906039164 0 0 0 
4.53040974164884 0 0 0 
4.50232022379464 0 0 0 
4.50743788053316 0 0 0 
4.41461247325983 0 0 0 
4.55185947013329 0 0 0 
4.44986424222478 0 0 0 
4.49085486259668 0 0 0 
4.4719104821458 0 0 0 
4.51846717130163 0 0 0 
4.43943969063683 0 0 0 
4.57018265591575 0 0 0 
4.53969475069936 0 0 0 
4.51999341780484 0 0 0 
4.47338736218529 0 0 0 
4.46056853710713 0 0 0 
4.47776863584005 0 0 0 
4.50747901925292 0 0 0 
4.53151637321047 0 0 0 
4.47055290439361 0 0 0 
4.56022708573309 0 0 0 
4.50871318084581 0 0 0 
4.3915624485766 0 0 0 
4.46829027480665 0 0 0 
4.48363090340629 0 0 0 
4.61732351489222 0 0 0 
4.5839764686523 0 0 0 
4.58424798420273 0 0 0 
4.58324419944051 0 0 0 
4.50624897153201 0 0 0 
4.58106796116505 0 0 0 
4.60489962152378 0 0 0 
4.43122428830015 0 0 0 
4.5218405463222 0 0 0 
4.52639048872799 0 0 0 
4.56235807141682 0 0 0 
4.44268964949811 0 0 0 
4.54374691459602 0 0 0 
4.554167352312 0 0 0 
4.5578821787066 0 0 0 
4.60055948658878 0 0 0 
4.6474823103505 0 0 0 
4.70816603587296 0 0 0 
4.62243294388679 0 0 0 
4.66853299325325 0 0 0 
4.97659206845483 0 0 0 
4.68660523284515 0 0 0 
4.80446766496627 0 0 0 
4.8273778180023 0 0 0 
4.62337090669738 0 0 0 
4.91537765344742 0 0 0 
4.49242636169162 0 0 0 
4.85134935000823 0 0 0 
4.61987000164555 0 0 0 
4.6282293895014 0 0 0 
4.86357989139378 0 0 0 
4.59166118150403 0 0 0 
4.82464209313806 0 0 0 
4.63353217047885 0 0 0 
4.63850172782623 0 0 0 
4.51803521474412 0 0 0 
4.46558334704624 0 0 0 
4.76981652130986 0 0 0 
4.4530895178542 0 0 0 
4.5882631232516 0 0 0 
4.61468652295541 0 0 0 
4.46776781306566 0 0 0 
4.68023284515386 0 0 0 
4.54134029948988 0 0 0 
4.50889007734079 0 0 0 
4.67355603093632 0 0 0 
4.64304755636005 0 0 0 
4.50314711206187 0 0 0 
4.75044841204542 0 0 0 
4.45766825736383 0 0 0 
4.55057594207668 0 0 0 
4.47312818825078 0 0 0 
4.49955158795458 0 0 0 
4.56559980253414 0 0 0 
4.63252015797268 0 0 0 
4.58105150567714 0 0 0 
4.58689731775547 0 0 0 
4.78174263616916 0 0 0 
4.47499177225605 0 0 0 
4.73813147934836 0 0 0 
4.56313559322034 0 0 0 
4.59687757116999 0 0 0 
4.57855438538753 0 0 0 
4.56214826394603 0 0 0 
4.54097416488399 0 0 0 
4.5150691130492 0 0 0 
4.55917804837913 0 0 0 
4.34327381931874 0 0 0 
4.54446684219187 0 0 0 
4.44904969557347 0 0 0 
4.56910893532993 0 0 0 
4.62072568701662 0 0 0 
4.51783363501728 0 0 0 
4.62901513904887 0 0 0 
4.49206022708573 0 0 0 
4.5168051670232 0 0 0 
4.72588859634688 0 0 0 
4.41316850419615 0 0 0 
4.70415089682409 0 0 0 
4.40377242060227 0 0 0 
4.66462070100378 0 0 0 
4.52135922330097 0 0 0 
4.4948782293895 0 0 0 
4.53525176896495 0 0 0 
4.42724617409906 0 0 0 
4.48506664472602 0 0 0 
4.42499177225605 0 0 0 
4.3947219022544 0 0 0 
4.50813312489715 0 0 0 
4.51357166364983 0 0 0 
4.51314382096429 0 0 0 
4.52539081783775 0 0 0 
4.47524683231858 0 0 0 
4.5827423070594 0 0 0 
4.42172535790686 0 0 0 
4.51140365311831 0 0 0 
4.63493911469475 0 0 0 
4.43315369425703 0 0 0 
4.57237946355109 0 0 0 
4.48216636498272 0 0 0 
4.51047391805167 0 0 0 
4.48725522461741 0 0 0 
4.51693681092644 0 0 0 
4.54115106137897 0 0 0 
4.54299818989633 0 0 0 
4.46472766167517 0 0 0 
4.47703225275629 0 0 0 
4.42161016949153 0 0 0 
4.49976139542537 0 0 0 
4.47363830837584 0 0 0 
4.52046239921014 0 0 0 
4.42181997696232 0 0 0 
4.49922247819648 0 0 0 
4.55063765015633 0 0 0 
4.48301382260984 0 0 0 
4.37510284679941 0 0 0 
4.55528632548955 0 0 0 
4.5227085733092 0 0 0 
4.46039575448412 0 0 0 
4.41849185453349 0 0 0 
4.48602106302452 0 0 0 
4.44820635181833 0 0 0 
4.44436399539246 0 0 0 
4.45155504360704 0 0 0 
4.41931051505677 0 0 0 
4.42848856343591 0 0 0 
4.51970133289452 0 0 0 
4.50198700016455 0 0 0 
4.51392957051177 0 0 0 
4.4513370083923 0 0 0 
4.51944627283199 0 0 0 
4.48372552246174 0 0 0 
4.3738193187428 0 0 0 
4.49937057758763 0 0 0 
4.44469721902254 0 0 0 
4.52748477867369 0 0 0 
4.44074790192529 0 0 0 
4.45320882014152 0 0 0 
4.52395919038999 0 0 0 
4.48137238769129 0 0 0 
4.41450139871647 0 0 0 
4.46666529537601 0 0 0 
4.46620454171466 0 0 0 
4.56332483133125 0 0 0 
4.46627036366628 0 0 0 
4.50344331084417 0 0 0 
4.35798091163403 0 0 0 
4.49295705117657 0 0 0 
4.4966142833635 0 0 0 
4.43570840875432 0 0 0 
4.49303932861609 0 0 0 
4.4775341451374 0 0 0 
4.42152377818002 0 0 0 
4.48024930064176 0 0 0 
4.54489879874938 0 0 0 
4.46886210301135 0 0 0 
4.40775053480336 0 0 0 
4.40602682244529 0 0 0 
4.5020487082442 0 0 0 
4.36059322033898 0 0 0 
4.52963633371729 0 0 0 
4.4427431298338 0 0 0 
4.4473259832154 0 0 0 
4.51779661016949 0 0 0 
4.60902583511601 0 0 0 
4.43841533651473 0 0 0 
4.43644479183808 0 0 0 
4.39292825407273 0 0 0 
4.45865558663814 0 0 0 
4.55099555701827 0 0 0 
4.51896083593879 0 0 0 
4.49393615270693 0 0 0 
4.45037024847787 0 0 0 
4.39617821293401 0 0 0 
4.46232516044101 0 0 0 
4.46632795787395 0 0 0 
4.47869014316274 0 0 0 
4.43693845647523 0 0 0 
4.5295663978937 0 0 0 
4.45199934178048 0 0 0 
4.34825983215402 0 0 0 
4.50957298008886 0 0 0 
4.41917475728155 0 0 0 
4.48133124897153 0 0 0 
4.40954006911305 0 0 0 
4.50077752180352 0 0 0 
4.49471367451045 0 0 0 
4.48932038834951 0 0 0 
4.41407355603094 0 0 0 
4.47253579068619 0 0 0 
4.4545663978937 0 0 0 
4.47810597334211 0 0 0 
4.4202608194833 0 0 0 
4.44224123745269 0 0 0 
4.47128105973342 0 0 0 
4.47543607042949 0 0 0 
4.42544841204542 0 0 0 
4.43948082935659 0 0 0 
4.41308211288465 0 0 0 
4.48282047062695 0 0 0 
4.44106467006747 0 0 0 
4.48348691788711 0 0 0 
4.44099062037189 0 0 0 
4.48057018265592 0 0 0 
4.42120289616587 0 0 0 
4.4548790521639 0 0 0 
4.49232351489222 0 0 0 
4.34148428500905 0 0 0 
4.41786654599309 0 0 0 
4.57518923811091 0 0 0 
4.37483544512095 0 0 0 
4.49805825242718 0 0 0 
4.52778509132796 0 0 0 
4.42528797103834 0 0 0 
4.52664554879052 0 0 0 
4.52934424880698 0 0 0 
4.4496708902419 0 0 0 
4.47345729800889 0 0 0 
4.41037107125226 0 0 0 
4.51355109428995 0 0 0 
4.54357001810104 0 0 0 
4.41493746914596 0 0 0 
4.41863584005266 0 0 0 
4.46703965772585 0 0 0 
4.52379052163897 0 0 0 
4.44148017113707 0 0 0 
4.43589764686523 0 0 0 
4.5489756458779 0 0 0 
4.29419532664144 0 0 0 
4.4959889748231 0 0 0 
4.50254648675333 0 0 0 
4.45181421754155 0 0 0 
4.48910646700675 0 0 0 
4.5031429981899 0 0 0 
4.46752920849103 0 0 0 
4.44921013658055 0 0 0 
4.43643245022215 0 0 0 
4.47032664143492 0 0 0 
4.4914760572651 0 0 0 
4.38007240414678 0 0 0 
4.41959025835116 0 0 0 
4.43134770445944 0 0 0 
4.38104327793319 0 0 0 
4.42832812242883 0 0 0 
4.4712152377818 0 0 0 
4.60679611650485 0 0 0 
4.45634359058746 0 0 0 
4.4369960506829 0 0 0 
4.49257857495475 0 0 0 
4.38181257199276 0 0 0 
4.48131067961165 0 0 0 
4.50410975810433 0 0 0 
4.41081948329768 0 0 0 
4.44555701826559 0 0 0 
4.57510696067138 0 0 0 
4.41954089188744 0 0 0 
4.43909823926279 0 0 0 
4.44694339312161 0 0 0 
4.51562037189403 0 0 0 
4.46116504854369 0 0 0 
4.35287559651144 0 0 0 
4.55220092150732 0 0 0 
4.45245186769788 0 0 0 
4.46807635346388 0 0 0 
4.45980747079151 0 0 0 
4.51251028467994 0 0 0 
4.40965114365641 0 0 0 
4.3877776863584 0 0 0 
4.631771433273 0 0 0 
4.41288464702978 0 0 0 
4.41591657067632 0 0 0 
4.53969063682738 0 0 0 
4.51833141352641 0 0 0 
4.39973671219352 0 0 0 
4.42554714497285 0 0 0 
4.40019746585486 0 0 0 
4.51667352311996 0 0 0 
4.45275629422412 0 0 0 
4.41535297021557 0 0 0 
4.49001563271351 0 0 0 
4.4096346881685 0 0 0 
4.48700427842686 0 0 0 
4.52038834951456 0 0 0 
4.42885058416982 0 0 0 
4.42977209149251 0 0 0 
4.46455487905216 0 0 0 
4.47616011189732 0 0 0 
4.49726838900773 0 0 0 
4.33119960506829 0 0 0 
4.56175744610828 0 0 0 
4.40753249958861 0 0 0 
4.4127776863584 0 0 0 
4.46009132795787 0 0 0 
4.47906450551259 0 0 0 
4.40868849761395 0 0 0 
4.47644808293566 0 0 0 
4.52120289616587 0 0 0 
4.40884482474905 0 0 0 
4.49368520651637 0 0 0 
4.44292825407273 0 0 0 
4.45616669409248 0 0 0 
4.45600213921343 0 0 0 
4.46532005923976 0 0 0 
4.49325736383084 0 0 0 
4.4312160605562 0 0 0 
4.40617080796446 0 0 0 
4.51327135099556 0 0 0 
4.41478114201086 0 0 0 
4.43273407931545 0 0 0 
4.53636662827053 0 0 0 
4.45100378476222 0 0 0 
4.38500905051835 0 0 0 
4.48503373375021 0 0 0 
4.464583676156 0 0 0 
4.43394355767648 0 0 0 
4.42377406615106 0 0 0 
4.61947095606385 0 0 0 
4.46387609017607 0 0 0 
4.37468323185782 0 0 0 
4.47532088201415 0 0 0 
4.43405874609182 0 0 0 
4.45969228237617 0 0 0 
4.40281388843179 0 0 0 
4.37550600625308 0 0 0 
4.64721902254402 0 0 0 
4.37725440184301 0 0 0 
4.35742142504525 0 0 0 
4.4679159124568 0 0 0 
4.48700016455488 0 0 0 
4.4270487082442 0 0 0 
4.45733503373375 0 0 0 
4.49758515714991 0 0 0 
4.44318331413526 0 0 0 
4.40667681421754 0 0 0 
4.46659124568043 0 0 0 
4.46554220832648 0 0 0 
4.44222889583676 0 0 0 
4.48583593878559 0 0 0 
4.41391722889584 0 0 0 
4.45091327957874 0 0 0 
4.45749136086885 0 0 0 
4.54811584663485 0 0 0 
4.42418133947672 0 0 0 
4.36096758268883 0 0 0 
4.50770528221162 0 0 0 
4.47726674345894 0 0 0 
4.42226427513576 0 0 0 
4.37573226921178 0 0 0 
4.48275464867533 0 0 0 
4.4063888431792 0 0 0 
4.49279249629751 0 0 0 
4.45036613460589 0 0 0 
4.48101036695738 0 0 0 
4.43314546651308 0 0 0 
4.52070100378476 0 0 0 
4.46573967418134 0 0 0 
4.34168997860787 0 0 0 
4.54016784597663 0 0 0 
4.39793895013987 0 0 0 
4.57215731446437 0 0 0 
4.28875678788876 0 0 0 
4.4596346881685 0 0 0 
4.42288958367616 0 0 0 
4.49960506829027 0 0 0 
4.46414760572651 0 0 0 
4.40893532993253 0 0 0 
4.43409165706763 0 0 0 
4.44855603093632 0 0 0 
4.44683231857825 0 0 0 
4.44781964785256 0 0 0 
4.50547967747244 0 0 0 
4.47284844495639 0 0 0 
4.35912868191542 0 0 0 
4.39742883001481 0 0 0 
4.46686687510285 0 0 0 
4.46615517525095 0 0 0 
4.42398387362185 0 0 0 
4.50438538752674 0 0 0 
4.4463016290933 0 0 0 
4.47338736218529 0 0 0 
4.45659453677801 0 0 0 
4.44521968076353 0 0 0 
4.38093220338983 0 0 0 
4.46172864900444 0 0 0 
4.42146207010038 0 0 0 
4.37657561296692 0 0 0 
4.4736629916077 0 0 0 
4.37513987164719 0 0 0 
4.44222478196478 0 0 0 
4.40585815369426 0 0 0 
4.48346223465526 0 0 0 
4.50205693598815 0 0 0 
4.37393450715814 0 0 0 
4.56889501398716 0 0 0 
4.36429159124568 0 0 0 
4.46436564094125 0 0 0 
4.40222971861116 0 0 0 
4.42518923811091 0 0 0 
4.47792496297515 0 0 0 
4.49175580055949 0 0 0 
4.42038423564259 0 0 0 
4.4746708902419 0 0 0 
4.39737123580714 0 0 0 
4.40862267566233 0 0 0 
4.5190801382261 0 0 0 
4.32763287806483 0 0 0 
4.4583511601119 0 0 0 
4.40955652460095 0 0 0 
4.45933437551423 0 0 0 
4.45052246174099 0 0 0 
4.35517113707421 0 0 0 
4.42757528385717 0 0 0 
4.43711535297022 0 0 0 
4.42588036860293 0 0 0 
4.42831166694092 0 0 0 
4.41409412539082 0 0 0 
4.40664801711371 0 0 0 
4.41227990784927 0 0 0 
4.51854533486918 0 0 0 
4.46849596840546 0 0 0 
4.43270528221162 0 0 0 
4.46277357248642 0 0 0 
4.40813312489715 0 0 0 
4.39120865558664 0 0 0 
4.45491196313971 0 0 0 
4.4577957873951 0 0 0 
4.41073309198618 0 0 0 
4.41520487082442 0 0 0 
4.40000822774395 0 0 0 
4.45981981240744 0 0 0 
4.38283692611486 0 0 0 
4.46358400526576 0 0 0 
4.42672371235807 0 0 0 
4.42027316109923 0 0 0 
4.43968652295541 0 0 0 
4.42003867039658 0 0 0 
4.32240414678295 0 0 0 
4.48022050353793 0 0 0 
4.50799325324996 0 0 0 
4.4297391805167 0 0 0 
4.39875349679118 0 0 0 
4.406944215896 0 0 0 
4.35116833964127 0 0 0 
4.46519664308047 0 0 0 
4.36892792496297 0 0 0 
4.46485930557841 0 0 0 
4.48193187428007 0 0 0 
4.42351900608853 0 0 0 
4.38964949810762 0 0 0 
4.44000329109758 0 0 0 
4.49610004936646 0 0 0 
4.35707174592727 0 0 0 
4.43405051834787 0 0 0 
4.3631767319401 0 0 0 
4.45867204212605 0 0 0 
4.45318413690966 0 0 0 
4.44412950468981 0 0 0 
4.39700510120125 0 0 0 
4.41524600954418 0 0 0 
4.43835362843508 0 0 0 
4.48444545005759 0 0 0 
4.38592233009709 0 0 0 
4.51788300148099 0 0 0 
4.38207174592727 0 0 0 
4.40844577916735 0 0 0 
4.34774971202896 0 0 0 
4.44769623169327 0 0 0 
4.46777604080961 0 0 0 
4.38542866545993 0 0 0 
4.42747655092974 0 0 0 
4.47079973671219 0 0 0 
4.33643656409413 0 0 0 
4.41754977785091 0 0 0 
4.42623004772091 0 0 0 
4.43683149580385 0 0 0 
4.44019664308047 0 0 0 
4.37277439526082 0 0 0 
4.47503291097581 0 0 0 
4.38998683560968 0 0 0 
4.41240332400856 0 0 0 
4.3879504689814 0 0 0 
4.38824255389172 0 0 0 
4.40000411387198 0 0 0 
4.46272831989468 0 0 0 
4.34546651308211 0 0 0 
4.47772338324831 0 0 0 
4.45825242718447 0 0 0 
4.41350995557018 0 0 0 
4.51398716471943 0 0 0 
4.37991607701168 0 0 0 
4.46569853546158 0 0 0 
4.40974576271186 0 0 0 
4.47258927102189 0 0 0 
4.35152624650321 0 0 0 
4.49749053809445 0 0 0 
4.43398881026822 0 0 0 
4.34836679282541 0 0 0 
4.40592808951785 0 0 0 
4.55153858811914 0 0 0 
4.42629586967254 0 0 0 
4.37093549448741 0 0 0 
4.41207421425045 0 0 0 
4.40220092150732 0 0 0 
4.40029208491032 0 0 0 
4.49966677636992 0 0 0 
4.39515797268389 0 0 0 
4.37759996708902 0 0 0 
4.44915254237288 0 0 0 
4.40439361527069 0 0 0 
4.37998601283528 0 0 0 
4.37707339147606 0 0 0 
4.44748642422248 0 0 0 
4.44236465361198 0 0 0 
4.38434260325819 0 0 0 
4.47511930228731 0 0 0 
4.41675580055949 0 0 0 
4.50929323679447 0 0 0 
4.36231693269705 0 0 0 
4.42771515550436 0 0 0 
4.4619096593714 0 0 0 
4.45720338983051 0 0 0 
4.46007487246997 0 0 0 
4.36422576929406 0 0 0 
4.40962234655257 0 0 0 
4.40645055125884 0 0 0 
4.43298502550601 0 0 0 
4.42672782623005 0 0 0 
4.4451044923482 0 0 0 
4.3753825900938 0 0 0 
4.49600954418298 0 0 0 
4.36642257692941 0 0 0 
4.38111321375679 0 0 0 
4.36592891229225 0 0 0 
4.42996132960342 0 0 0 
4.47417722560474 0 0 0 
4.39740414678295 0 0 0 
4.49309280895179 0 0 0 
4.39911551752509 0 0 0 
4.46544347539905 0 0 0 
4.37780566068784 0 0 0 
4.40425785749547 0 0 0 
4.43638719763041 0 0 0 
4.40466513082113 0 0 0 
4.46402418956722 0 0 0 
4.44292825407273 0 0 0 
4.43073885140694 0 0 0 
4.41289698864571 0 0 0 
4.35249300641764 0 0 0 
4.43360622017443 0 0 0 
4.42792496297515 0 0 0 
4.40192940595689 0 0 0 
4.33529702155669 0 0 0 
4.44026657890406 0 0 0 
4.42835280566069 0 0 0 
4.4029331907191 0 0 0 
4.37123580714168 0 0 0 
4.49341780483791 0 0 0 
4.44820223794636 0 0 0 
4.41717952937305 0 0 0 
4.4064752344907 0 0 0 
4.4101036695738 0 0 0 
4.42329274312983 0 0 0 
4.39127036366628 0 0 0 
4.38318249136087 0 0 0 
4.41192200098733 0 0 0 
4.42148263946026 0 0 0 
4.4731940102024 0 0 0 
4.34372634523614 0 0 0 
4.40477209149251 0 0 0 
4.49431051505677 0 0 0 
4.40647934836268 0 0 0 
4.49792249465197 0 0 0 
4.34366463715649 0 0 0 
4.4503990455817 0 0 0 
4.40894767154846 0 0 0 
4.40336926114859 0 0 0 
4.41538999506335 0 0 0 
4.44874115517525 0 0 0 
4.4438538752674 0 0 0 
4.43228155339806 0 0 0 
4.33465114365641 0 0 0 
4.41032170478855 0 0 0 
4.41240743788053 0 0 0 
4.3543236794471 0 0 0 
4.48428089517854 0 0 0 
4.37834457791674 0 0 0 
4.38903653118315 0 0 0 
4.36613460589106 0 0 0 
4.40352558828369 0 0 0 
4.38003126542702 0 0 0 
4.34552410728978 0 0 0 
4.41660770116834 0 0 0 
4.41587131808458 0 0 0 
4.40705117656738 0 0 0 
4.46447671548461 0 0 0 
4.42922083264769 0 0 0 
4.42394273490209 0 0 0 
4.35601448082936 0 0 0 
4.42227661675169 0 0 0 
4.38545746256376 0 0 0 
4.41532828698371 0 0 0 
4.39110169491525 0 0 0 
4.39865476386375 0 0 0 
4.41148593055784 0 0 0 
4.45203636662827 0 0 0 
4.43825489550765 0 0 0 
4.4912497943064 0 0 0 
4.38033980582524 0 0 0 
4.44595606384729 0 0 0 
4.48647770281389 0 0 0 
4.31350172782623 0 0 0 
4.43613625143986 0 0 0 
4.43065246009544 0 0 0 
4.49247572815534 0 0 0 
4.47374526904723 0 0 0 
4.42836103340464 0 0 0 
4.36361280236959 0 0 0 
4.4067179529373 0 0 0 
4.37639048872799 0 0 0 
4.43562613131479 0 0 0 
4.44824749053809 0 0 0 
4.36661181504032 0 0 0 
4.39630574296528 0 0 0 
4.41128023695903 0 0 0 
4.42265920684548 0 0 0 
4.43521885798914 0 0 0 
4.45271104163238 0 0 0 
4.37999424057923 0 0 0 
4.51832318578246 0 0 0 
4.42009626460425 0 0 0 
4.36824913608688 0 0 0 
4.42897400032911 0 0 0 
4.4151390488728 0 0 0 
4.43819730129998 0 0 0 
4.3746174099062 0 0 0 
4.40759009379628 0 0 0 
4.36349350008228 0 0 0 
4.43761313147935 0 0 0 
4.44097005101201 0 0 0 
4.41264604245516 0 0 0 
4.4270487082442 0 0 0 
4.31241566562449 0 0 0 
4.43449893039329 0 0 0 
4.44270610498601 0 0 0 
4.43813970709232 0 0 0 
4.35620783281224 0 0 0 
4.3653653118315 0 0 0 
4.43620207339148 0 0 0 
4.34173111732763 0 0 0 
4.38579480006582 0 0 0 
4.39621935165378 0 0 0 
4.42631643903242 0 0 0 
4.36799818989633 0 0 0 
4.44595606384729 0 0 0 
4.40850337337502 0 0 0 
4.36769376337008 0 0 0 
4.44698041796939 0 0 0 
4.43959190389995 0 0 0 
4.34695162086556 0 0 0 
4.46037929899622 0 0 0 
4.38093220338983 0 0 0 
4.44955158795458 0 0 0 
4.40886539410894 0 0 0 
4.41869343426033 0 0 0 
4.42722560473918 0 0 0 
4.42433355273984 0 0 0 
4.38494322856673 0 0 0 
4.39024600954418 0 0 0 
4.41000905051835 0 0 0 
4.43281635675498 0 0 0 
4.40924798420273 0 0 0 
4.40337748889255 0 0 0 
4.33228566727003 0 0 0 
4.38820964291591 0 0 0 
4.40254237288136 0 0 0 
4.45717459272667 0 0 0 
4.34405956886622 0 0 0 
4.48795046898141 0 0 0 
4.53351571499095 0 0 0 
4.29338900773408 0 0 0 
4.4086103340464 0 0 0 
4.47195573473754 0 0 0 
4.33430146453842 0 0 0 
4.44677883824255 0 0 0 
4.43471285173605 0 0 0 
4.41995639295705 0 0 0 
4.3822568701662 0 0 0 
4.37264275135758 0 0 0 
4.4827957873951 0 0 0 
4.43622264275136 0 0 0 
4.33766249794306 0 0 0 
4.30958943557676 0 0 0 
4.46931874280072 0 0 0 
4.33566315616258 0 0 0 
4.41933519828863 0 0 0 
4.39832154023367 0 0 0 
4.37183231857825 0 0 0 
4.3741484285009 0 0 0 
4.27105068290275 0 0 0 
4.42534556524601 0 0 0 
4.39452855027152 0 0 0 
4.40003702484779 0 0 0 
4.39524025012342 0 0 0 
4.41201250617081 0 0 0 
4.45380121770611 0 0 0 
4.40626131314793 0 0 0 
4.428299325325 0 0 0 
4.45186769787724 0 0 0 
4.40627776863584 0 0 0 
4.36810926443969 0 0 0 
4.36370742142504 0 0 0 
4.3849473424387 0 0 0 
4.38308787230541 0 0 0 
4.41883330590752 0 0 0 
4.43984285009051 0 0 0 
4.39071087707751 0 0 0 
4.38821375678789 0 0 0 
4.39586144479184 0 0 0 
4.36360457462564 0 0 0 
4.34747408260655 0 0 0 
4.44714908672042 0 0 0 
4.30248477867369 0 0 0 
4.38131067961165 0 0 0 
4.37749712028962 0 0 0 
4.36216883330591 0 0 0 
4.44253743623498 0 0 0 
4.40740496955735 0 0 0 
4.40860622017443 0 0 0 
4.41206187263452 0 0 0 
4.42017031429982 0 0 0 
4.38716471943393 0 0 0 
4.40396577258516 0 0 0 
4.40983215402337 0 0 0 
4.35706351818331 0 0 0 
4.38721408589765 0 0 0 
4.51685864735889 0 0 0 
4.3373087049531 0 0 0 
4.4007816356755 0 0 0 
4.37415254237288 0 0 0 
4.37223547803192 0 0 0 
4.41773901596182 0 0 0 
4.41513082112885 0 0 0 
4.34123745269047 0 0 0 
4.3703636662827 0 0 0 
4.46850008227744 0 0 0 
4.25590752015797 0 0 0 
4.38568372552246 0 0 0 
4.45170725687017 0 0 0 
4.48370083922988 0 0 0 
4.38650238604575 0 0 0 
4.39073144643739 0 0 0 
4.43655175250946 0 0 0 
4.37000164554879 0 0 0 
4.36180681257199 0 0 0 
4.42845153858812 0 0 0 
4.43038094454501 0 0 0 
4.394791838078 0 0 0 
4.46937222313642 0 0 0 
4.39954747408261 0 0 0 
4.34916077011683 0 0 0 
4.33833717294718 0 0 0 
4.47841039986836 0 0 0 
4.37754237288136 0 0 0 
4.39462728319895 0 0 0 
4.36291344413362 0 0 0 
4.39551176567385 0 0 0 
4.34260737205858 0 0 0 
4.43202237946355 0 0 0 
4.38691788711535 0 0 0 
4.32464209313806 0 0 0 
4.35817014974494 0 0 0 
4.36592479842027 0 0 0 
4.43219516208656 0 0 0 
4.41614283363502 0 0 0 
4.36325900937963 0 0 0 
4.37329685700181 0 0 0 
4.37828698370907 0 0 0 
4.34070676320553 0 0 0 
4.4169450386704 0 0 0 
4.44045581701497 0 0 0 
4.40320059239756 0 0 0 
4.34821046569031 0 0 0 
4.46680928089518 0 0 0 
4.37595030442653 0 0 0 
4.40916159289123 0 0 0 
4.38119960506829 0 0 0 
4.37214908672042 0 0 0 
4.37370824419944 0 0 0 
4.38689731775547 0 0 0 
4.44065739674181 0 0 0 
4.36226345236136 0 0 0 
4.368055784104 0 0 0 
4.30693598815205 0 0 0 
4.3978649004443 0 0 0 
4.49073144643739 0 0 0 
4.38804508803686 0 0 0 
4.35629422412375 0 0 0 
4.33920931380615 0 0 0 
4.39287477373704 0 0 0 
4.3501563271351 0 0 0 
4.42471202896166 0 0 0 
4.27410317590917 0 0 0 
4.45587049531019 0 0 0 
4.47516044100708 0 0 0 
4.4061461247326 0 0 0 
4.3634729307224 0 0 0 
4.33077176238275 0 0 0 
4.43754319565575 0 0 0 
4.32316932697054 0 0 0 
4.42940595688662 0 0 0 
4.3936810926444 0 0 0 
4.32148263946026 0 0 0 
4.39762629586967 0 0 0 
4.40493253249959 0 0 0 
4.34040645055126 0 0 0 
4.38798749382919 0 0 0 
4.42310350501892 0 0 0 
4.34306401184795 0 0 0 
4.46964373868685 0 0 0 
4.33758022050354 0 0 0 
4.36570264933355 0 0 0 
4.33497613954254 0 0 0 
4.47036778015468 0 0 0 
4.4108688497614 0 0 0 
4.33073885140694 0 0 0 
4.33068948494323 0 0 0 
4.35499012670726 0 0 0 
4.40416323844002 0 0 0 
4.40358729636334 0 0 0 
4.35488316603587 0 0 0 
4.31889912785914 0 0 0 
4.4341327957874 0 0 0 
4.45849925950304 0 0 0 
4.42792907684713 0 0 0 
4.27914266908014 0 0 0 
4.47200510120125 0 0 0 
4.20891064670067 0 0 0 
4.31161346058911 0 0 0 
4.47863666282705 0 0 0 
4.36608935329933 0 0 0 
4.40220092150732 0 0 0 
4.32478196478526 0 0 0 
4.46586309034063 0 0 0 
4.36078245844989 0 0 0 
4.34959684054632 0 0 0 
4.41605232845154 0 0 0 
4.36917475728155 0 0 0 
4.38286983709067 0 0 0 
4.3394972848445 0 0 0 
4.38040974164884 0 0 0 
4.36456310679612 0 0 0 
4.33116669409248 0 0 0 
4.34325324995886 0 0 0 
4.39063682738193 0 0 0 
4.35184712851736 0 0 0 
4.41425045252592 0 0 0 
4.35247655092974 0 0 0 
4.4213880204048 0 0 0 
4.43783528056607 0 0 0 
4.39540069113049 0 0 0 
4.33649827217377 0 0 0 
4.33768718117492 0 0 0 
4.37677307882179 0 0 0 
4.41408589764687 0 0 0 
4.2872223136416 0 0 0 
4.36125966759914 0 0 0 
4.45429076847129 0 0 0 
4.38480747079151 0 0 0 
4.38238851406944 0 0 0 
4.3018923811091 0 0 0 
4.34764275135758 0 0 0 
4.30205693598815 0 0 0 
4.42464620701004 0 0 0 
4.46661592891229 0 0 0 
4.32469557347375 0 0 0 
4.35760243541221 0 0 0 
4.40956475234491 0 0 0 
4.37166776369919 0 0 0 
4.44217130162909 0 0 0 
4.33738686852065 0 0 0 
4.38223630080632 0 0 0 
4.36896494981076 0 0 0 
4.43570840875432 0 0 0 
4.3340628599638 0 0 0 
4.40811666940925 0 0 0 
4.30503126542702 0 0 0 
4.288888431792 0 0 0 
4.38081290110252 0 0 0 
4.47984614118809 0 0 0 
4.44336432450222 0 0 0 
4.34764275135758 0 0 0 
4.37299243047556 0 0 0 
4.49103175909166 0 0 0 
4.34874526904723 0 0 0 
4.43452772749712 0 0 0 
4.40305660687839 0 0 0 
4.39755636004608 0 0 0 
4.38117492183643 0 0 0 
4.41525012341616 0 0 0 
4.37295951949975 0 0 0 
4.37718446601942 0 0 0 
4.45768471285174 0 0 0 
4.4328821787066 0 0 0 
4.41311090998848 0 0 0 
4.34993417804838 0 0 0 
4.44386210301135 0 0 0 
4.32402089846964 0 0 0 
4.42757939772914 0 0 0 
4.32720914925128 0 0 0 
4.41788711535297 0 0 0 
4.28379545828534 0 0 0 
4.33170561132138 0 0 0 
4.42015385881191 0 0 0 
4.27337913444134 0 0 0 
4.37663732104657 0 0 0 
4.40434424880698 0 0 0 
4.41739756458779 0 0 0 
4.29902501234162 0 0 0 
4.37282787559651 0 0 0 
4.42714332729965 0 0 0 
4.31746750041139 0 0 0 
4.39282129340135 0 0 0 
4.42195984860951 0 0 0 
4.40599391146947 0 0 0 
4.35672618068126 0 0 0 
4.36265015632713 0 0 0 
4.42054467664966 0 0 0 
4.37337090669738 0 0 0 
4.33875678788876 0 0 0 
4.36547227250288 0 0 0 
4.36919532664143 0 0 0 
4.41003784762218 0 0 0 
4.40707174592727 0 0 0 
4.42467911798585 0 0 0 
4.30225028797104 0 0 0 
4.32090669738358 0 0 0 
4.39530195820306 0 0 0 
4.41944215896001 0 0 0 
4.37966101694915 0 0 0 
4.32764521968076 0 0 0 
4.47434178048379 0 0 0 
4.34293236794471 0 0 0 
4.36132548955077 0 0 0 
4.36830673029455 0 0 0 
4.38251193022873 0 0 0 
4.30438538752674 0 0 0 
4.3966842191871 0 0 0 
4.35907108770775 0 0 0 
4.3383166035873 0 0 0 
4.37211206187263 0 0 0 
4.37161016949153 0 0 0 
4.40851571499095 0 0 0 
4.30564011847951 0 0 0 
4.36756623333882 0 0 0 
4.37171713016291 0 0 0 
4.33491443146289 0 0 0 
4.44445450057594 0 0 0 
4.40192940595689 0 0 0 
4.36603175909166 0 0 0 
4.33369672535791 0 0 0 
4.35982392627941 0 0 0 
4.4425868026987 0 0 0 
4.3605726509791 0 0 0 
4.38779825571828 0 0 0 
4.36239098239263 0 0 0 
4.39795951949975 0 0 0 
4.40795622840217 0 0 0 
4.29794306401185 0 0 0 
4.46692858318249 0 0 0 
4.36858235971697 0 0 0 
4.3806935988152 0 0 0 
4.33818907355603 0 0 0 
4.40854039822281 0 0 0 
4.32552657561297 0 0 0 
4.39554056277769 0 0 0 
4.4233338818496 0 0 0 
4.33343343755142 0 0 0 
4.32623416159289 0 0 0 
4.41943804508804 0 0 0 
4.51783774888925 0 0 0 
4.25495310185947 0 0 0 
4.4141146947507 0 0 0 
4.34950222149087 0 0 0 
4.35891476057265 0 0 0 
4.35959354944874 0 0 0 
4.36429159124568 0 0 0 
4.35389583676156 0 0 0 
4.47257692940596 0 0 0 
4.36385140694422 0 0 0 
4.43883906532829 0 0 0 
4.46832729965443 0 0 0 
4.54111815040316 0 0 0 
4.52748477867369 0 0 0 
4.46250617080796 0 0 0 
4.63806977126872 0 0 0 
4.69004854368932 0 0 0 
4.47285667270035 0 0 0 
4.80950715813724 0 0 0 
4.4397400032911 0 0 0 
4.57149909494817 0 0 0 
4.68801629093303 0 0 0 
4.39942817179529 0 0 0 
4.65559486588777 0 0 0 
4.44116751686687 0 0 0 
4.5118397235478 0 0 0 
4.39569688991279 0 0 0 
4.38594289945697 0 0 0 
4.33966183972355 0 0 0 
4.47836514727662 0 0 0 
4.57585568537107 0 0 0 
4.44281717952937 0 0 0 
4.39940760243541 0 0 0 
4.38830837584334 0 0 0 
4.5077423070594 0 0 0 
4.48858400526576 0 0 0 
4.5187674839559 0 0 0 
4.64486588777357 0 0 0 
4.39437633700839 0 0 0 
4.55597334210959 0 0 0 
4.45612966924469 0 0 0 
4.48021227579398 0 0 0 
4.50112720092151 0 0 0 
4.35054714497285 0 0 0 
4.42790027974329 0 0 0 
4.48731281882508 0 0 0 
4.44427349020898 0 0 0 
4.45580878723054 0 0 0 
4.43733750205694 0 0 0 
4.63126954089189 0 0 0 
4.58623909823926 0 0 0 
4.55101201250617 0 0 0 
5.15580878723054 0 0 0 
4.58220750370248 0 0 0 
4.74957215731446 0 0 0 
5.07985025506006 0 0 0 
4.35449234819812 0 0 0 
4.97712687181175 0 0 0 
4.49657314464374 0 0 0 
4.72509050518348 0 0 0 
4.72850090505183 0 0 0 
4.28161099226592 0 0 0 
4.57957462563765 0 0 0 
4.64446684219187 0 0 0 
4.37143738686852 0 0 0 
4.45972519335198 0 0 0 
4.56729471778838 0 0 0 
4.45700181010367 0 0 0 
4.39308458120783 0 0 0 
4.38449070264933 0 0 0 
4.39705446766497 0 0 0 
4.47451044923482 0 0 0 
4.51742636169162 0 0 0 
4.44121688333059 0 0 0 
4.39148839888103 0 0 0 
4.76951620865559 0 0 0 
4.48492265920685 0 0 0 
4.57168010531512 0 0 0 
5.07777686358401 0 0 0 
4.36550106960671 0 0 0 
5.24520322527563 0 0 0 
4.77943886786243 0 0 0 
4.68911058087872 0 0 0 
4.97279085074872 0 0 0 
4.93692200098733 0 0 0 
5.07026493335527 0 0 0 
4.58086226756623 0 0 0 
5.82452279085075 0 0 0 
5.01817920026329 0 0 0 
4.56009955570183 0 0 0 
5.02988727990785 0 0 0 
4.48016702320224 0 0 0 
4.29635099555702 0 0 0 
4.50831002139213 0 0 0 
4.5373950962646 0 0 0 
5.02363830837584 0 0 0 
4.28286983709067 0 0 0 
5.34949810761889 0 0 0 
4.58986341945039 0 0 0 
5.02871894026658 0 0 0 
4.65808375843344 0 0 0 
4.76467418133948 0 0 0 
4.41016126378147 0 0 0 
4.39835856508145 0 0 0 
4.54691459601777 0 0 0 
4.36074954747408 0 0 0 
4.76733585650815 0 0 0 
4.55043195655751 0 0 0 
4.43215402336679 0 0 0 
5.06332894520323 0 0 0 
4.81290521638967 0 0 0 
4.34394849432286 0 0 0 
5.19796363337173 0 0 0 
4.4171178212934 0 0 0 
4.45084334375514 0 0 0 
4.42856261313148 0 0 0 
5.19918133947672 0 0 0 
4.75275629422412 0 0 0 
4.41488810268224 0 0 0 
5.12198453184137 0 0 0 
4.35680845812078 0 0 0 
4.59407602435412 0 0 0 
4.51467829521145 0 0 0 
4.43751439855192 0 0 0 
4.43926279414185 0 0 0 
4.42133865394109 0 0 0 
4.56854533486918 0 0 0 
4.36300806318907 0 0 0 
4.62234243870331 0 0 0 
4.41307388514069 0 0 0 
4.48642010860622 0 0 0 
4.60884482474905 0 0 0 
4.40517525094619 0 0 0 
4.53955899292414 0 0 0 
4.55140283034392 0 0 0 
4.53311666940925 0 0 0 
4.43579480006582 0 0 0 
4.52016208655587 0 0 0 
4.42253990455817 0 0 0 
4.34650732269212 0 0 0 
4.61583429323679 0 0 0 
4.38142998189896 0 0 0 
4.40821951620866 0 0 0 
4.45632302122758 0 0 0 
4.60108606220174 0 0 0 
4.4617533322363 0 0 0 
4.5863707421425 0 0 0 
4.89438867862432 0 0 0 
4.58528056606878 0 0 0 
5.07234655257528 0 0 0 
5.66627036366628 0 0 0 
4.33251604410071 0 0 0 
5.73210465690308 0 0 0 
4.89940348856344 0 0 0 
4.66686276123087 0 0 0 
5.39061214415007 0 0 0 
4.55559486588777 0 0 0 
5.04151719598486 0 0 0 
4.87795376007899 0 0 0 
4.60061708079645 0 0 0 
5.23898305084746 0 0 0 
4.60076106631562 0 0 0 
4.77799078492677 0 0 0 
4.69227003455652 0 0 0 
4.44745762711864 0 0 0 
4.70469392792496 0 0 0 
4.44335609675827 0 0 0 
4.45176073720586 0 0 0 
4.71948329767978 0 0 0 
4.34221244034886 0 0 0 
4.83981405298667 0 0 0 
4.58545334869179 0 0 0 
4.49500987329274 0 0 0 
4.62405792331743 0 0 0 
4.33478690143163 0 0 0 
4.67462152377818 0 0 0 
4.5678130656574 0 0 0 
4.44261559980253 0 0 0 
4.77931545170314 0 0 0 
4.3557470791509 0 0 0 
4.6334540069113 0 0 0 
4.45746667763699 0 0 0 
4.41350995557018 0 0 0 
4.36067138390653 0 0 0 
4.36183560967583 0 0 0 
4.37727908507487 0 0 0 
4.4193228566727 0 0 0 
4.38103093631726 0 0 0 
4.35186769787724 0 0 0 
4.4092356425868 0 0 0 
4.2455035379299 0 0 0 
4.49488234326148 0 0 0 
4.36287230541386 0 0 0 
4.29168175086391 0 0 0 
4.32592973506664 0 0 0 
4.40040727332565 0 0 0 
4.34132795787395 0 0 0 
4.40181010366957 0 0 0 
4.47583511601119 0 0 0 
4.41627859141023 0 0 0 
4.32077505348034 0 0 0 
4.32029373045911 0 0 0 
4.41473177554714 0 0 0 
4.41464949810762 0 0 0 
4.28655998025341 0 0 0 
4.32825818660523 0 0 0 
4.49087131808458 0 0 0 
4.34688991278591 0 0 0 
4.48287806483462 0 0 0 
4.33988398881027 0 0 0 
4.44914842850091 0 0 0 
4.50638472930722 0 0 0 
4.33001892381109 0 0 0 
4.52825818660523 0 0 0 
4.36266249794306 0 0 0 
4.34463139707092 0 0 0 
4.24681997696232 0 0 0 
4.45618726345236 0 0 0 
4.33980171137074 0 0 0 
4.36353052493006 0 0 0 
4.29028714826395 0 0 0 
4.35285914102353 0 0 0 
4.39299818989633 0 0 0 
4.36404887279908 0 0 0 
4.35044429817344 0 0 0 
4.33511601118973 0 0 0 
4.36074954747408 0 0 0 
4.38694668421919 0 0 0 
4.40060062530854 0 0 0 
4.31676402830344 0 0 0 
4.32691295046898 0 0 0 
4.38129833799572 0 0 0 
4.38170972519335 0 0 0 
4.30053480335692 0 0 0 
4.42993253249959 0 0 0 
4.33319071910482 0 0 0 
4.34813230212276 0 0 0 
4.3350008227744 0 0 0 
4.41725357906862 0 0 0 
4.38956722066809 0 0 0 
4.27289369754813 0 0 0 
4.35001645548791 0 0 0 
4.33914349185453 0 0 0 
4.31061790357084 0 0 0 
4.3007816356755 0 0 0 
4.43022461740991 0 0 0 
4.41058910646701 0 0 0 
4.31825324995886 0 0 0 
4.3449481652131 0 0 0 
4.34362349843673 0 0 0 
4.39510037847622 0 0 0 
4.40569771268718 0 0 0 
4.31873457298009 0 0 0 
4.31320552904394 0 0 0 
4.27512753003127 0 0 0 
4.3536284350831 0 0 0 
4.41062613131479 0 0 0 
4.28669162415666 0 0 0 
4.3255389172289 0 0 0 
4.30961000493665 0 0 0 
4.27702813888432 0 0 0 
4.37701579726839 0 0 0 
4.33985107783446 0 0 0 
4.29648263946026 0 0 0 
4.33093631726181 0 0 0 
4.32156080302781 0 0 0 
4.36434918545335 0 0 0 
4.32923728813559 0 0 0 
4.36933108441665 0 0 0 
4.38258186605233 0 0 0 
4.31042455158795 0 0 0 
4.3161798584828 0 0 0 
4.38660934671713 0 0 0 
4.35713345400691 0 0 0 
4.36450551258845 0 0 0 
4.31339888102682 0 0 0 
4.4411798584828 0 0 0 
4.29658548625967 0 0 0 
4.29468076353464 0 0 0 
4.33774477538259 0 0 0 
4.369096593714 0 0 0 
4.25804673358565 0 0 0 
4.36348527233833 0 0 0 
4.46475234490703 0 0 0 
4.35104903735396 0 0 0 
4.32495886128024 0 0 0 
4.34048050024683 0 0 0 
4.34533075530689 0 0 0 
4.21841369096594 0 0 0 
4.43353628435083 0 0 0 
4.30110251768965 0 0 0 
4.33184548296857 0 0 0 
4.36540645055126 0 0 0 
4.33628023695903 0 0 0 
4.35163320717459 0 0 0 
4.37821293401349 0 0 0 
4.31075777521804 0 0 0 
4.33170561132138 0 0 0 
4.28765838407109 0 0 0 
4.30794800065822 0 0 0 
4.29981898963304 0 0 0 
4.37851324666776 0 0 0 
4.32166364982722 0 0 0 
4.30892710218858 0 0 0 
4.41537353957545 0 0 0 
4.47850913279579 0 0 0 
4.32618890900115 0 0 0 
4.40780401513905 0 0 0 
4.32111239098239 0 0 0 
4.35689896330426 0 0 0 
4.32960342274148 0 0 0 
4.31354698041797 0 0 0 
4.3492183643245 0 0 0 
4.39193681092644 0 0 0 
4.35909165706763 0 0 0 
4.34763452361362 0 0 0 
4.33164801711371 0 0 0 
4.26069606713839 0 0 0 
4.32890406450551 0 0 0 
4.3832812242883 0 0 0 
4.37170890241896 0 0 0 
4.31987000164555 0 0 0 
4.32702813888432 0 0 0 
4.3585239427349 0 0 0 
4.36509791015304 0 0 0 
4.35362020733915 0 0 0 
4.24772914266908 0 0 0 
4.33298502550601 0 0 0 
4.35802616422577 0 0 0 
4.40471038341287 0 0 0 
4.30702649333553 0 0 0 
4.30215155504361 0 0 0 
4.41304508803686 0 0 0 
4.34744117163074 0 0 0 
4.43109264439691 0 0 0 
4.24601365805496 0 0 0 
4.32288546980418 0 0 0 
4.34569277604081 0 0 0 
4.34578328122429 0 0 0 
4.2988028632549 0 0 0 
4.2965978278756 0 0 0 
4.37736547638638 0 0 0 
4.31357989139378 0 0 0 
4.37156903077176 0 0 0 
4.28445779167352 0 0 0 
4.31608112555537 0 0 0 
4.35659453677802 0 0 0 
4.31745104492348 0 0 0 
4.34676649662662 0 0 0 
4.32788793812737 0 0 0 
4.39143080467336 0 0 0 
4.3817179529373 0 0 0 
4.28976468652295 0 0 0 
4.35400279743294 0 0 0 
4.28651884153365 0 0 0 
4.32718035214744 0 0 0 
4.27962810597334 0 0 0 
4.3357289781142 0 0 0 
4.34554056277769 0 0 0 
4.34053398058252 0 0 0 
4.38082935659042 0 0 0 
4.43738275464868 0 0 0 
4.3136292578575 0 0 0 
4.48274642093138 0 0 0 
4.3519623169327 0 0 0 
4.35019335198289 0 0 0 
4.26489221655422 0 0 0 
4.39663485272338 0 0 0 
4.32620947836103 0 0 0 
4.2313189073556 0 0 0 
4.33038917228896 0 0 0 
4.37309527727497 0 0 0 
4.25049366463716 0 0 0 
4.33048379134441 0 0 0 
4.30276452196808 0 0 0 
4.36167105479677 0 0 0 
4.31503620207339 0 0 0 
4.31074131973013 0 0 0 
4.35279331907191 0 0 0 
4.34256623333882 0 0 0 
4.33640776699029 0 0 0 
4.29508392298832 0 0 0 
4.39563929570512 0 0 0 
4.26896906368274 0 0 0 
4.26667352311996 0 0 0 
4.42827464209314 0 0 0 
4.31176155998025 0 0 0 
4.27968158630903 0 0 0 
4.34997531676814 0 0 0 
4.39677883824255 0 0 0 
4.27079562284022 0 0 0 
4.39360292907685 0 0 0 
4.36772256047392 0 0 0 
4.32023202237946 0 0 0 
4.26198370906697 0 0 0 
4.31745104492348 0 0 0 
4.37008803686029 0 0 0 
4.36185206516373 0 0 0 
4.3551917064341 0 0 0 
4.31551341122264 0 0 0 
4.37130574296528 0 0 0 
4.3743582359717 0 0 0 
4.32005923975646 0 0 0 
4.41868520651637 0 0 0 
4.27862020733915 0 0 0 
4.3943064011848 0 0 0 
4.3541138719763 0 0 0 
4.46254730952773 0 0 0 
4.33464702978443 0 0 0 
4.27787971038341 0 0 0 
4.34292414020076 0 0 0 
4.37387279907849 0 0 0 
4.33908589764687 0 0 0 
4.35613378311667 0 0 0 
4.27628352805661 0 0 0 
4.34489879874938 0 0 0 
4.58802863254896 0 0 0 
4.45896824090834 0 0 0 
4.37535379298996 0 0 0 
4.52719680763535 0 0 0 
4.44585733091986 0 0 0 
4.35289616587132 0 0 0 
4.50473506664473 0 0 0 
4.79738357742307 0 0 0 
4.51153941089353 0 0 0 
4.45814958038506 0 0 0 
4.78487329274313 0 0 0 
4.39964620701004 0 0 0 
4.51225522461741 0 0 0 
4.38857989139378 0 0 0 
4.41652953760079 0 0 0 
4.49039822280731 0 0 0 
4.32476139542537 0 0 0 
4.2433684383742 0 0 0 
4.46832729965443 0 0 0 
4.3742183643245 0 0 0 
4.37140858976469 0 0 0 
4.41942570347211 0 0 0 
4.27190225440184 0 0 0 
4.25378064834622 0 0 0 
4.48175086391312 0 0 0 
4.29081372387691 0 0 0 
4.42693763370084 0 0 0 
4.3367533322363 0 0 0 
4.29020075695244 0 0 0 
4.30532335033734 0 0 0 
4.2997737370413 0 0 0 
4.29978607865723 0 0 0 
4.40605561954912 0 0 0 
4.29141846305743 0 0 0 
4.36404064505513 0 0 0 
4.30152213263123 0 0 0 
4.32471614283364 0 0 0 
4.28108441665295 0 0 0 
4.30768471285174 0 0 0 
4.32711453019582 0 0 0 
4.4391311502386 0 0 0 
4.32981734408425 0 0 0 
4.3014069442159 0 0 0 
4.3191665295376 0 0 0 
4.1955899292414 0 0 0 
4.3161798584828 0 0 0 
4.29150074049696 0 0 0 
4.34296527892052 0 0 0 
4.36890735560309 0 0 0 
4.37534556524601 0 0 0 
4.34064916899786 0 0 0 
4.25695655751193 0 0 0 
4.36479348362679 0 0 0 
4.30971696560803 0 0 0 
4.31145301958203 0 0 0 
4.35235724864242 0 0 0 
4.31953677801547 0 0 0 
4.26281471120619 0 0 0 
4.27377818002304 0 0 0 
4.30557018265592 0 0 0 
4.38888020404805 0 0 0 
4.33693022873128 0 0 0 
4.25198700016455 0 0 0 
4.35890241895672 0 0 0 
4.26168751028468 0 0 0 
4.29842438703308 0 0 0 
4.30178542043772 0 0 0 
4.37687181174922 0 0 0 
4.37529208491032 0 0 0 
4.30223383248313 0 0 0 
4.34445038670397 0 0 0 
4.32344907026493 0 0 0 
4.36581783774889 0 0 0 
4.34198206351818 0 0 0 
4.33514480829357 0 0 0 
4.32757939772914 0 0 0 
4.33366792825407 0 0 0 
4.28806977126872 0 0 0 
4.32837337502057 0 0 0 
4.38792167187757 0 0 0 
4.27416899786079 0 0 0 
4.32370824419944 0 0 0 
4.3721532005924 0 0 0 
4.28519417475728 0 0 0 
4.27035132466678 0 0 0 
4.40063765015633 0 0 0 
4.24704212604904 0 0 0 
4.28550682902748 0 0 0 
4.26871400362021 0 0 0 
4.39875761066316 0 0 0 
4.32526328780648 0 0 0 
4.33261477702814 0 0 0 
4.35667270034557 0 0 0 
4.32791262135922 0 0 0 
4.27677307882179 0 0 0 
4.32549777850913 0 0 0 
4.3461288464703 0 0 0 
4.32779331907191 0 0 0 
4.34152130985684 0 0 0 
4.20334869178871 0 0 0 
4.33907355603094 0 0 0 
4.37135922330097 0 0 0 
4.34099062037189 0 0 0 
4.31964373868685 0 0 0 
4.27514398551917 0 0 0 
4.42680187592562 0 0 0 
4.37082853381603 0 0 0 
4.40802616422577 0 0 0 
4.30818249136087 0 0 0 
4.26648428500905 0 0 0 
4.37441171630739 0 0 0 
4.27576518018759 0 0 0 
4.27862020733915 0 0 0 
4.35022214908672 0 0 0 
4.33904064505513 0 0 0 
4.26716718775712 0 0 0 
4.31457133454007 0 0 0 
4.40899703801218 0 0 0 
4.25395343096923 0 0 0 
4.34740826065493 0 0 0 
4.40702237946355 0 0 0 
4.33639131150239 0 0 0 
4.51622511107454 0 0 0 
4.32981734408425 0 0 0 
4.55362432121112 0 0 0 
4.4797391805167 0 0 0 
4.19103175909166 0 0 0 
4.54556935988152 0 0 0 
4.44262382754649 0 0 0 
4.28494322856673 0 0 0 
4.40595688662169 0 0 0 
4.34377159782788 0 0 0 
4.32385222971861 0 0 0 
4.33938209642916 0 0 0 
4.35216389665954 0 0 0 
4.51332894520323 0 0 0 
4.3796692446931 0 0 0 
4.32804426526246 0 0 0 
4.32369590258351 0 0 0 
4.2533157808129 0 0 0 
4.43486917887115 0 0 0 
5.6332812242883 0 0 0 
6.4471696560803 0 0 0 
4.28530936317262 0 0 0 
6.65171548461412 0 0 0 
8.85478031923646 0 0 0 
6.06954089188744 0 0 0 
4.11373621852888 0 0 0 
4.48207585979924 0 0 0 
4.7466842191871 0 0 0 
5.45469392792496 0 0 0 
4.80298255718282 0 0 0 
3.95310597334211 0 0 0 
5.59562695408919 0 0 0 
5.19333141352641 0 0 0 
3.89733832483133 0 0 0 
3.94927595853217 0 0 0 
3.75401925292085 0 0 0 
3.6963715649169 0 0 0 
3.61712193516538 0 0 0 
3.54956804344249 0 0 0 
3.22582688826724 0 0 0 
2.63769952279085 0 0 0 
2.61185206516373 0 0 0 
2.69533075530689 0 0 0 
2.48774477538259 0 0 0 
2.99952690472273 0 0 0 
4.80820717459273 0 0 0 
6.30294964620701 0 0 0 
5.80336103340464 0 0 0 
7.62585568537107 0 0 0 
13.0466101694915 0 0 0 
14.5713221984532 0 0 0 
12.1353546157644 0 0 0 
22.1806483462235 0 0 0 
3.65750781635675 0 0 0 
4.5473259832154 0 0 0 
4.49469310515057 0 0 0 
2.06779249629751 0 0 0 
1.97957873950963 0 0 0 
4.60842932367945 0 0 0 
36.2140324173112 0 0 0 
8.58561378969886 0 0 0 
4.51549695573474 0 0 0 
2.38196478525588 0 0 0 
3.46662415665624 0 0 0 
5.60394931709725 0 0 0 
9.87599144314629 0 0 0 
19.4983873621853 0 0 0 
35.5044717788382 0 0 0 
84.4245927266743 0 0 0 
95.039069442159 0 0 0 
37.7936687510285 0 0 0 
4.99870413032746 0 0 0 
8.12407026493335 0 0 0 
33.9004648675333 0 0 0 
40.955907520158 0 0 0 
42.101904722725 0 0 0 
46.1950057594208 0 0 0 
46.2059322033898 0 0 0 
25.6947671548461 0 0 0 
14.5849884811585 0 0 0 
26.4165747901925 0 0 0 
25.2259379628106 0 0 0 
22.440097910153 0 0 0 
28.3204500575942 0 0 0 
19.708848938621 0 0 0 
3.39255800559487 0 0 0 
14.2793565904229 0 0 0 
49.7346264604246 0 0 0 
75.3785708408754 0 0 0 
51.4261477702814 0 0 0 
29.7761765673852 0 0 0 
21.3013616916242 0 0 0 
12.552957873951 0 0 0 
4.02462152377818 0 0 0 
14.5118849761395 0 0 0 
16.7105561954912 0 0 0 
43.3006458779003 0 0 0 
98.6551711370742 0 0 0 
55.2009420766826 0 0 0 
8.81928171795294 0 0 0 
2.69321622511107 0 0 0 
13.4299366463716 0 0 0 
58.1196725357907 0 0 0 
57.0308746091822 0 0 0 
30.2204706269541 0 0 0 
18.5202855027152 0 0 0 
10.4225933848939 0 0 0 
13.085243541221 0 0 0 
19.4176567385223 0 0 0 
19.4827052822116 0 0 0 
46.0527398387362 0 0 0 
62.5851160111897 0 0 0 
38.4819154187922 0 0 0 
8.30307717623828 0 0 0 
5.0891146947507 0 0 0 
9.09808704953102 0 0 0 
52.6884482474905 0 0 0 
86.7526246503209 0 0 0 
55.5173769952279 0 0 0 
31.3594948165213 0 0 0 
19.539575448412 0 0 0 
11.0566850419615 0 0 0 
16.7805701826559 0 0 0 
22.4616175744611 0 0 0 
29.453998683561 0 0 0 
87.4294141846306 0 0 0 
50.1287683067303 0 0 0 
10.3381561625802 0 0 0 
6.50512588448247 0 0 0 
3.84054220832648 0 0 0 
2.22236300806319 0 0 0 
15.7279866710548 0 0 0 
71.5937962810597 0 0 0 
59.3519499753168 0 0 0 
22.8524518676979 0 0 0 
13.5850460753661 0 0 0 
8.17966513082113 0 0 0 
10.8631726180681 0 0 0 
12.5039740003291 0 0 0 
17.0939814052987 0 0 0 
46.0523284515386 0 0 0 
47.7386374856014 0 0 0 
18.9815863090341 0 0 0 
12.7153365147277 0 0 0 
6.58709066973836 0 0 0 
6.06169573802863 0 0 0 
5.56748395589929 0 0 0 
49.4831907191048 0 0 0 
66.5726674345894 0 0 0 
35.5207051176567 0 0 0 
19.4645343096923 0 0 0 
14.4334416652954 0 0 0 
9.03505841698206 0 0 0 
19.5917064340958 0 0 0 
17.9872223136416 0 0 0 
54.7655751193023 0 0 0 
48.8863337172947 0 0 0 
11.9058211288465 0 0 0 
6.09773325654106 0 0 0 
7.55004113871976 0 0 0 
4.65318002303768 0 0 0 
1.20255060062531 0 0 0 
32.347214908672 0 0 0 
77.1726674345894 0 0 0 
43.5917558005595 0 0 0 
16.3326518018759 0 0 0 
11.2016332071746 0 0 0 
7.70321704788547 0 0 0 
21.060593220339 0 0 0 
20.9249588612802 0 0 0 
32.5123827546487 0 0 0 
50.7481487576107 0 0 0 
31.9158178377489 0 0 0 
13.1186481816686 0 0 0 
6.56204130327464 0 0 0 
5.79573391476057 0 0 0 
3.63016702320224 0 0 0 
3.54709560638473 0 0 0 
40.4662868191542 0 0 0 
68.1908096100049 0 0 0 
38.828986341945 0 0 0 
18.6191541879217 0 0 0 
10.914579562284 0 0 0 
12.6139830508475 0 0 0 
28.9997367121935 0 0 0 
27.6130080631891 0 0 0 
64.1633454006911 0 0 0 
43.989579562284 0 0 0 
18.754685700181 0 0 0 
10.1264933355274 0 0 0 
5.77075859799243 0 0 0 
4.96137896988646 0 0 0 
4.79505923975646 0 0 0 
3.47531676814218 0 0 0 
1.63685206516373 0 0 0 
1.55717870659865 0 0 0 
14.6410317590917 0 0 0 
31.2330837584334 0 0 0 
49.9939320388349 0 0 0 
61.3774559815699 0 0 0 
49.9640200756952 0 0 0 
17.0904064505513 0 0 0 
3.11286819154188 0 0 0 
25.2674716142834 0 0 0 
41.5646906368274 0 0 0 
24.2625143985519 0 0 0 
44.2927225604739 0 0 0 
25.8141105808787 0 0 0 
11.6556195491196 0 0 0 
9.13088695079809 0 0 0 
5.57558828369261 0 0 0 
4.54735066644726 0 0 0 
4.12941418463057 0 0 0 
2.57948823432615 0 0 0 
1.10087625473095 0 0 0 
28.710062530854 0 0 0 
106.046741813395 0 0 0 
76.8228484449564 0 0 0 
41.4642504525259 0 0 0 
22.3715566891558 0 0 0 
14.1092685535626 0 0 0 
28.7787271680105 0 0 0 
22.6203348691789 0 0 0 
42.4822568701662 0 0 0 
116.179500575942 0 0 0 
32.9090793154517 0 0 0 
18.4227044594372 0 0 0 
6.37032664143492 0 0 0 
5.54972025670561 0 0 0 
5.09968323185782 0 0 0 
8.82478196478526 0 0 0 
3.38447013328945 0 0 0 
2.19837502056936 0 0 0 
7.48940266578904 0 0 0 
52.2260654928419 0 0 0 
58.7559980253414 0 0 0 
29.2413279578739 0 0 0 
9.42089846963962 0 0 0 
16.1672288958368 0 0 0 
51.6810268224453 0 0 0 
108.868500082277 0 0 0 
48.6654928418628 0 0 0 
23.7473588941912 0 0 0 
23.8404105644232 0 0 0 
16.8526369919368 0 0 0 
6.0272050353793 0 0 0 
16.8183314135264 0 0 0 
7.8263370083923 0 0 0 
1.7512506170808 0 0 0 
0.873679447095606 0 0 0 
17.1194668421919 0 0 0 
53.7400526575613 0 0 0 
7.59495639295705 0 0 0 
25.6241155175251 0 0 0 
129.071766496627 0 0 0 
94.3664061214415 0 0 0 
30.2199440513411 0 0 0 
12.173955076518 0 0 0 
24.0875390817838 0 0 0 
17.764929241402 0 0 0 
28.2469475069936 0 0 0 
14.2138020404805 0 0 0 
15.7271104163238 0 0 0 
7.324131973013 0 0 0 
1.9190102024025 0 0 0 
20.7606590422906 0 0 0 
85.0199934178048 0 0 0 
63.0731652130986 0 0 0 
38.9581866052328 0 0 0 
8.98348691788711 0 0 0 
6.74726016126378 0 0 0 
34.2488604574626 0 0 0 
164.412983379957 0 0 0 
57.3270404805002 0 0 0 
16.2328492677308 0 0 0 
4.78164390324173 0 0 0 
9.38020404805002 0 0 0 
5.18890900115188 0 0 0 
6.11135840052658 0 0 0 
6.00396165871318 0 0 0 
1.16902665789041 0 0 0 
6.2928994569689 0 0 0 
110.266126378147 0 0 0 
102.444726016126 0 0 0 
3.22906861938456 0 0 0 
1.32149498107619 0 0 0 
19.2089558992924 0 0 0 
184.548449070265 0 0 0 
110.047745598157 0 0 0 
17.3011683396413 0 0 0 
9.83092397564588 0 0 0 
6.05861856179036 0 0 0 
5.04237288135593 0 0 0 
8.58417393450716 0 0 0 
13.2355479677472 0 0 0 
6.26901431627448 0 0 0 
0.607511930228731 0 0 0 
7.20784515385881 0 0 0 
118.294779496462 0 0 0 
101.989772914267 0 0 0 
1.74921425045253 0 0 0 
0.0674716142833635 0 0 0 
27.0962851736054 0 0 0 
203.025637650156 0 0 0 
99.5051094289946 0 0 0 
23.3588242553892 0 0 0 
10.4306689155833 0 0 0 
11.8687715978279 0 0 0 
7.76232104656903 0 0 0 
19.9907849267731 0 0 0 
15.2763328945203 0 0 0 
2.53136827381932 0 0 0 
0.148971532005924 0 0 0 
61.2356137896989 0 0 0 
104.158174263617 0 0 0 
0.230611321375679 0 0 0 
15.3854039822281 0 0 0 
200.594495639296 0 0 0 
108.608314135264 0 0 0 
12.4893286160935 0 0 0 
8.38196067138391 0 0 0 
6.54755636004607 0 0 0 
10.5585815369426 0 0 0 
13.7771433272997 0 0 0 
15.4184877406615 0 0 0 
9.15831824913609 0 0 0 
1.17908918874445 0 0 0 
63.3365229554056 0 0 0 
130.928180023038 0 0 0 
24.4596223465526 0 0 0 
3.56581783774889 0 0 0 
63.6235930557841 0 0 0 
158.541315616258 0 0 0 
19.3939443804509 0 0 0 
9.02935659042291 0 0 0 
13.1876912950469 0 0 0 
7.0104862596676 0 0 0 
7.55076518018759 0 0 0 
4.97769458614448 0 0 0 
5.70091327957874 0 0 0 
3.59470133289452 0 0 0 
9.22562119466842 0 0 0 
10.3805249300642 0 0 0 
64.2954953101859 0 0 0 
70.8940801382261 0 0 0 
49.0474206022709 0 0 0 
26.8181833141353 0 0 0 
9.54572568701662 0 0 0 
10.4445203225276 0 0 0 
30.888715649169 0 0 0 
29.2484079315452 0 0 0 
25.8970668092809 0 0 0 
29.6056072075037 0 0 0 
6.28007240414678 0 0 0 
26.5467253579069 0 0 0 
15.0954171466184 0 0 0 
13.1662868191542 0 0 0 
34.4459437222314 0 0 0 
19.1365723218693 0 0 0 
13.1327011683396 0 0 0 
9.75609264439691 0 0 0 
8.36251851242389 0 0 0 
11.9608647358894 0 0 0 
4.5551917064341 0 0 0 
8.13164801711371 0 0 0 
7.7036983709067 0 0 0 
4.45919861773902 0 0 0 
8.37431298337996 0 0 0 
6.39106878393944 0 0 0 
5.64354533486918 0 0 0 
8.50140283034392 0 0 0 
4.33889254566398 0 0 0 
6.78244610827711 0 0 0 
4.73693022873128 0 0 0 
5.2029331907191 0 0 0 
5.02704459437222 0 0 0 
4.25559897975975 0 0 0 
4.86748806977127 0 0 0 
4.82528385716636 0 0 0 
4.29781142010861 0 0 0 
4.85372305413855 0 0 0 
4.32971861115682 0 0 0 
4.37113707421425 0 0 0 
4.321527892052 0 0 0 
4.3422576929406 0 0 0 
4.35309774559816 0 0 0 
4.33632548955076 0 0 0 
4.41153941089353 0 0 0 
4.46319318742801 0 0 0 
4.15320882014152 0 0 0 
4.37913855520816 0 0 0 
4.27964867533322 0 0 0 
4.31617574461083 0 0 0 
4.40495310185947 0 0 0 
4.2394438045088 0 0 0 
4.3101736053974 0 0 0 
4.38623909823926 0 0 0 
4.33601283528057 0 0 0 
4.28000658219516 0 0 0 
4.36617163073885 0 0 0 
5.32702813888432 0 0 0 
6.53292743129834 0 0 0 
4.3346346881685 0 0 0 
7.48602517689649 0 0 0 
7.64729718611157 0 0 0 
4.43978114201086 0 0 0 
6.96457544841205 0 0 0 
5.16016949152542 0 0 0 
4.72072568701662 0 0 0 
4.39758104327793 0 0 0 
4.49853957544841 0 0 0 
4.69932121112391 0 0 0 
4.75335280566069 0 0 0 
4.21569853546158 0 0 0 
5.09470956063847 0 0 0 
5.2761806812572 0 0 0 
4.37019499753168 0 0 0 
4.36960671383907 0 0 0 
4.2710589106467 0 0 0 
4.97525094619055 0 0 0 
4.32533322363008 0 0 0 
4.74540891887444 0 0 0 
4.67590093796281 0 0 0 
4.47722560473918 0 0 0 
4.47761642257693 0 0 0 
5.70800148099391 0 0 0 
4.39489468487741 0 0 0 
5.02432943886786 0 0 0 
4.79232351489222 0 0 0 
4.35331989468488 0 0 0 
4.712847622182 0 0 0 
5.24413773243377 0 0 0 
4.76999341780484 0 0 0 
4.58868685206516 0 0 0 
5.08663402994899 0 0 0 
4.66253908178378 0 0 0 
4.76512670725687 0 0 0 
5.07626295869673 0 0 0 
4.67797844331084 0 0 0 
4.30081043277933 0 0 0 
4.56089353299325 0 0 0 
4.60917804837913 0 0 0 
4.43879792660852 0 0 0 
4.72605726509791 0 0 0 
4.44947342438703 0 0 0 
4.37701579726839 0 0 0 
4.72824173111733 0 0 0 
4.27399621523778 0 0 0 
4.49839147605726 0 0 0 
4.43977291426691 0 0 0 
4.30806730294553 0 0 0 
4.28106796116505 0 0 0 
4.32235066644726 0 0 0 
4.30282623004772 0 0 0 
4.41467418133948 0 0 0 
4.31009955570183 0 0 0 
4.56208655586638 0 0 0 
4.31443146289287 0 0 0 
4.275 0 0 0 
4.32707750534803 0 0 0 
4.37130985683725 0 0 0 
4.47414431462893 0 0 0 
4.33554796774724 0 0 0 
4.30810021392134 0 0 0 
4.35619137732434 0 0 0 
4.41535708408754 0 0 0 
4.40706351818331 0 0 0 
4.27494240579233 0 0 0 
4.318055784104 0 0 0 
4.36236629916077 0 0 0 
4.39302698700016 0 0 0 
4.29801299983544 0 0 0 
4.38660523284515 0 0 0 
4.6440102024025 0 0 0 
4.40611321375679 0 0 0 
5.08055784103999 0 0 0 
4.6779167352312 0 0 0 
4.2353299325325 0 0 0 
4.25677554714497 0 0 0 
5.31524189567221 0 0 0 
4.26747572815534 0 0 0 
4.51184795129176 0 0 0 
4.38879792660852 0 0 0 
4.53371729471779 0 0 0 
4.7521350995557 0 0 0 
4.4831948329768 0 0 0 
4.72462563765016 0 0 0 
4.34461082771104 0 0 0 
4.41922000987329 0 0 0 
4.40967994076024 0 0 0 
4.39262382754649 0 0 0 
4.33806977126872 0 0 0 
4.28903653118315 0 0 0 
4.2781429981899 0 0 0 
4.35116011189732 0 0 0 
4.24157890406451 0 0 0 
4.55278509132796 0 0 0 
4.42417311173276 0 0 0 
4.37325571828205 0 0 0 
4.36006664472602 0 0 0 
4.30170725687017 0 0 0 
4.30418792167188 0 0 0 
4.75670561132138 0 0 0 
4.26114859305578 0 0 0 
4.7795828533816 0 0 0 
4.31651719598486 0 0 0 
4.3735066644726 0 0 0 
4.27453513246668 0 0 0 
4.30981158466349 0 0 0 
4.3483503373375 0 0 0 
4.31608523942735 0 0 0 
4.27742718446602 0 0 0 
4.35438127365476 0 0 0 
4.23123662991608 0 0 0 
4.24163649827217 0 0 0 
4.34579150896824 0 0 0 
4.2652953760079 0 0 0 
4.30422083264769 0 0 0 
4.53341286819154 0 0 0 
4.2962851736054 0 0 0 
4.31922412374527 0 0 0 
4.30160441007076 0 0 0 
4.35240250123416 0 0 0 
4.23632960342274 0 0 0 
4.39131561625802 0 0 0 
4.25738440019747 0 0 0 
4.55797679776205 0 0 0 
4.29889336843837 0 0 0 
4.24830919861774 0 0 0 
4.34528138884318 0 0 0 
4.2214415007405 0 0 0 
4.27930722395919 0 0 0 
4.34058334704624 0 0 0 
4.29057511930229 0 0 0 
4.3140283034392 0 0 0 
4.25717459272667 0 0 0 
4.26926114859306 0 0 0 
4.32269623169327 0 0 0 
4.2719968734573 0 0 0 
4.29027480664802 0 0 0 
4.25482145795623 0 0 0 
4.36279825571828 0 0 0 
4.27148675333224 0 0 0 
4.30477209149251 0 0 0 
4.34998765838407 0 0 0 
4.25931380615435 0 0 0 
4.38623909823926 0 0 0 
4.41336185617904 0 0 0 
4.25434836267895 0 0 0 
4.22167187757117 0 0 0 
4.34776616751687 0 0 0 
4.29165295376008 0 0 0 
4.31346058910647 0 0 0 
4.24853134770446 0 0 0 
4.22771926937634 0 0 0 
4.30147688003949 0 0 0 
4.19534309692282 0 0 0 
4.25636004607537 0 0 0 
4.25902994898799 0 0 0 
4.25394931709725 0 0 0 
4.16797762053645 0 0 0 
4.28998683560968 0 0 0 
4.22750123416159 0 0 0 
4.28048790521639 0 0 0 
4.24963386539411 0 0 0 
4.22645631067961 0 0 0 
4.2191500740497 0 0 0 
4.28584828040151 0 0 0 
4.35783281224288 0 0 0 
4.34927595853217 0 0 0 
4.21960671383906 0 0 0 
4.25268224452855 0 0 0 
4.23860457462564 0 0 0 
4.25649168997861 0 0 0 
4.2756417640283 0 0 0 
4.26817920026329 0 0 0 
4.26075777521804 0 0 0 
4.29929652789205 0 0 0 
4.27766578904065 0 0 0 
4.34536778015468 0 0 0 
4.22654270199111 0 0 0 
4.17720092150732 0 0 0 
4.31091821622511 0 0 0 
4.24695162086556 0 0 0 
4.31133371729472 0 0 0 
4.35878723054139 0 0 0 
4.23382836926115 0 0 0 
4.25853628435083 0 0 0 
4.34066151061379 0 0 0 
4.3388719763041 0 0 0 
4.17721326312325 0 0 0 
4.25954006911305 0 0 0 
4.34909083429324 0 0 0 
4.29367286490044 0 0 0 
4.2 0 0 0 
4.23291508968241 0 0 0 
4.315624485766 0 0 0 
4.25368191541879 0 0 0 
4.29713263123252 0 0 0 
4.26638143820964 0 0 0 
4.31791179858483 0 0 0 
4.27046651308211 0 0 0 
4.26035461576436 0 0 0 
4.29097416488399 0 0 0 
4.20273572486424 0 0 0 
4.27792084910318 0 0 0 
4.29774559815699 0 0 0 
4.24070676320553 0 0 0 
4.25433190719105 0 0 0 
4.32285255882837 0 0 0 
4.2833676155998 0 0 0 
4.20955241072898 0 0 0 
4.250172782623 0 0 0 
4.2745310185947 0 0 0 
4.41153941089353 0 0 0 
4.19252920849103 0 0 0 
4.26968899127859 0 0 0 
4.33032746420931 0 0 0 
4.25004525259174 0 0 0 
4.2096346881685 0 0 0 
4.28988810268224 0 0 0 
4.35759832154023 0 0 0 
4.23103916406121 0 0 0 
4.25993500082277 0 0 0 
4.20523284515386 0 0 0 
4.31060556195491 0 0 0 
4.23814793483627 0 0 0 
4.26870988974823 0 0 0 
4.3165624485766 0 0 0 
4.2288546980418 0 0 0 
4.30038670396577 0 0 0 
4.23008063189074 0 0 0 
4.22903570840875 0 0 0 
4.31161757446108 0 0 0 
4.31016537765345 0 0 0 
4.31218117492184 0 0 0 
4.25202402501234 0 0 0 
4.22165953595524 0 0 0 
4.32661675168669 0 0 0 
4.34672124403489 0 0 0 
4.3224123745269 0 0 0 
4.28319071910482 0 0 0 
4.2064587790028 0 0 0 
4.26316439032417 0 0 0 
4.26218528879381 0 0 0 
4.34811996050683 0 0 0 
4.26943804508804 0 0 0 
4.21095112720092 0 0 0 
4.25987329274313 0 0 0 
4.27358894191213 0 0 0 
4.30605561954912 0 0 0 
4.25010696067138 0 0 0 
4.36622099720257 0 0 0 
4.1755553727168 0 0 0 
4.22551834786901 0 0 0 
4.29347128517361 0 0 0 
4.25476797762054 0 0 0 
4.23444545005759 0 0 0 
4.24101941747573 0 0 0 
4.29013493500082 0 0 0 
4.32607783445779 0 0 0 
4.19285831824914 0 0 0 
4.33886786243212 0 0 0 
4.22694997531677 0 0 0 
4.21988234326148 0 0 0 
4.24192858318249 0 0 0 
4.30714579562284 0 0 0 
4.30461165048544 0 0 0 
4.22135510942899 0 0 0 
4.3097910153036 0 0 0 
4.29055043607043 0 0 0 
4.32419779496462 0 0 0 
4.20617492183643 0 0 0 
4.23158630903406 0 0 0 
4.26940102024025 0 0 0 
4.30974164883989 0 0 0 
4.24798008885963 0 0 0 
4.24454500575942 0 0 0 
4.28668751028468 0 0 0 
4.25172782623005 0 0 0 
4.24155833470462 0 0 0 
4.22027316109923 0 0 0 
4.23339641270364 0 0 0 
4.28932861609347 0 0 0 
4.24150896824091 0 0 0 
4.21453842356426 0 0 0 
4.28940266578904 0 0 0 
4.22332976797762 0 0 0 
4.22524683231858 0 0 0 
4.29149662662498 0 0 0 
4.29467664966266 0 0 0 
4.25551258844825 0 0 0 
4.13357742307059 0 0 0 
4.27362596675991 0 0 0 
4.28650649991772 0 0 0 
4.28780236959026 0 0 0 
4.26125555372717 0 0 0 
4.28769952279085 0 0 0 
4.17267977620536 0 0 0 
4.28291508968241 0 0 0 
4.37199275958532 0 0 0 
4.23476633207175 0 0 0 
4.27465854862597 0 0 0 
4.30310597334211 0 0 0 
4.28931216060556 0 0 0 
4.22708161922001 0 0 0 
4.18014645384236 0 0 0 
4.23348691788711 0 0 0 
4.1709725193352 0 0 0 
4.30936317261807 0 0 0 
4.20645466513082 0 0 0 
4.30828945203225 0 0 0 
4.24707503702485 0 0 0 
4.19815287148264 0 0 0 
4.32981323021228 0 0 0 
4.20908342932368 0 0 0 
4.30997613954254 0 0 0 
4.25023860457463 0 0 0 
4.2479512917558 0 0 0 
4.3581084416653 0 0 0 
4.21506499917723 0 0 0 
4.25585403982228 0 0 0 
4.3217541550107 0 0 0 
4.25967171301629 0 0 0 
4.19561049860128 0 0 0 
4.27012917558006 0 0 0 
4.18213756787889 0 0 0 
4.25223794635511 0 0 0 
4.27778097745598 0 0 0 
4.32732433766661 0 0 0 
4.23389419121277 0 0 0 
4.26302451867698 0 0 0 
4.24881520487082 0 0 0 
4.32104656903077 0 0 0 
4.20844577916735 0 0 0 
4.19144726016126 0 0 0 
4.21814628928748 0 0 0 
4.2506253085404 0 0 0 
4.26606467006747 0 0 0 
4.27504936646372 0 0 0 
4.27716389665954 0 0 0 
4.23967829521145 0 0 0 
4.29538012177061 0 0 0 
4.21636086884976 0 0 0 
4.32103011354287 0 0 0 
4.12541961494158 0 0 0 
4.3502262629587 0 0 0 
4.214583676156 0 0 0 
4.31267483955899 0 0 0 
4.25564011847951 0 0 0 
4.28430969228238 0 0 0 
4.30872963633372 0 0 0 
4.27554714497285 0 0 0 
4.27730788217871 0 0 0 
4.28977291426691 0 0 0 
4.21753332236301 0 0 0 
4.25146453842356 0 0 0 
4.18456063847293 0 0 0 
4.14780319236465 0 0 0 
4.33263123251604 0 0 0 
4.23254895507652 0 0 0 
4.29450798091163 0 0 0 
4.24989303932862 0 0 0 
4.29872058581537 0 0 0 
4.24141846305743 0 0 0 
4.23754730952773 0 0 0 
4.25327052822116 0 0 0 
4.28003949317097 0 0 0 
4.23043031100872 0 0 0 
4.29918956722067 0 0 0 
4.20834704623992 0 0 0 
4.1751563271351 0 0 0 
4.23482392627941 0 0 0 
4.31335774230706 0 0 0 
4.33212111239098 0 0 0 
4.22589271021886 0 0 0 
4.28609099884812 0 0 0 
4.23638308375843 0 0 0 
4.31856179035708 0 0 0 
4.29748642422248 0 0 0 
4.30667270034557 0 0 0 
4.28964538423564 0 0 0 
4.35257939772914 0 0 0 
4.29340134935001 0 0 0 
4.28136415994734 0 0 0 
4.29531018594701 0 0 0 
4.23262711864407 0 0 0 
4.37311173276288 0 0 0 
4.4811625802205 0 0 0 
4.22711453019582 0 0 0 
4.27018676978772 0 0 0 
4.31648017113707 0 0 0 
4.31964785255883 0 0 0 
4.37197630409742 0 0 0 
4.35089682409083 0 0 0 
4.23380779990127 0 0 0 
4.17515221326312 0 0 0 
4.2669450386704 0 0 0 
4.31231693269705 0 0 0 
4.38565081454665 0 0 0 
4.19464373868685 0 0 0 
4.43950139871647 0 0 0 
4.28240085568537 0 0 0 
4.30870083922988 0 0 0 
4.39891393779826 0 0 0 
4.25105315122593 0 0 0 
4.39778673687675 0 0 0 
4.32448165213099 0 0 0 
4.74124156656245 0 0 0 
4.41032170478855 0 0 0 
4.75643820964292 0 0 0 
4.28424387033076 0 0 0 
4.48436317261807 0 0 0 
4.50712934013493 0 0 0 
4.31268718117492 0 0 0 
4.39454089188744 0 0 0 
4.33159042290604 0 0 0 
4.22025259173935 0 0 0 
4.22191870988975 0 0 0 
4.21441500740497 0 0 0 
4.25176073720586 0 0 0 
4.20839641270364 0 0 0 
4.21856590422906 0 0 0 
4.29784844495639 0 0 0 
4.32198041796939 0 0 0 
4.26689567220668 0 0 0 
4.39684877406615 0 0 0 
4.23832071745927 0 0 0 
4.25684548296857 0 0 0 
4.17465854862597 0 0 0 
4.27076682573638 0 0 0 
4.27880121770611 0 0 0 
4.21795293730459 0 0 0 
4.28637485601448 0 0 0 
4.40406450551259 0 0 0 
4.19507980911634 0 0 0 
4.52054879052164 0 0 0 
4.31677225604739 0 0 0 
4.24373045910811 0 0 0 
4.28609099884812 0 0 0 
4.30457873950963 0 0 0 
4.22871894026658 0 0 0 
4.25363666282705 0 0 0 
4.35929323679447 0 0 0 
4.19836267895343 0 0 0 
4.27902336679283 0 0 0 
4.28814382096429 0 0 0 
4.35957709396084 0 0 0 
4.26880039493171 0 0 0 
4.28197712687181 0 0 0 
4.2166323844002 0 0 0 
4.43648181668586 0 0 0 
4.17994487411552 0 0 0 
4.23845236136251 0 0 0 
4.34020075695244 0 0 0 
4.21500740496956 0 0 0 
4.31715484614119 0 0 0 
4.28681092644397 0 0 0 
4.51706845482969 0 0 0 
4.20654105644232 0 0 0 
4.4259379628106 0 0 0 
4.33404229060392 0 0 0 
4.26966842191871 0 0 0 
4.28845236136251 0 0 0 
4.20723630080632 0 0 0 
4.35614201086062 0 0 0 
4.33686440677966 0 0 0 
4.24125390817838 0 0 0 
4.36457133454007 0 0 0 
4.26194257034721 0 0 0 
4.37360128352806 0 0 0 
4.23728402172124 0 0 0 
4.50285914102353 0 0 0 
4.46541879216719 0 0 0 
4.3675868026987 0 0 0 
4.38846881685042 0 0 0 
4.3375349679118 0 0 0 
4.47024025012342 0 0 0 
4.25157561296692 0 0 0 
4.38328945203225 0 0 0 
4.2971532005924 0 0 0 
4.31122264275136 0 0 0 
4.31328369261149 0 0 0 
4.21591657067632 0 0 0 
4.37797021556689 0 0 0 
4.36023531347704 0 0 0 
4.3877776863584 0 0 0 
4.30078986341945 0 0 0 
4.27887526740168 0 0 0 
4.39404722725029 0 0 0 
4.32620947836103 0 0 0 
4.33478278755965 0 0 0 
4.30313065657397 0 0 0 
4.28714003620207 0 0 0 
4.27498765838407 0 0 0 
4.13593467171302 0 0 0 
4.34792249465197 0 0 0 
4.27443228566727 0 0 0 
4.25044841204542 0 0 0 
4.29220009873293 0 0 0 
4.27533322363008 0 0 0 
4.19214661839723 0 0 0 
4.19277604080961 0 0 0 
4.23189896330426 0 0 0 
4.22038012177061 0 0 0 
4.21876337008392 0 0 0 
4.27543195655751 0 0 0 
4.29702567056113 0 0 0 
4.23597581043278 0 0 0 
4.33821375678789 0 0 0 
4.21534474247161 0 0 0 
4.33861280236959 0 0 0 
4.22742307059404 0 0 0 
4.21761971367451 0 0 0 
4.31140776699029 0 0 0 
4.23415747901925 0 0 0 
4.31544347539905 0 0 0 
4.26637321046569 0 0 0 
4.34112226427514 0 0 0 
4.21862349843673 0 0 0 
4.35386703965773 0 0 0 
4.16373621852888 0 0 0 
4.18682738193187 0 0 0 
4.29593549448741 0 0 0 
4.31541467829521 0 0 0 
4.209375514234 0 0 0 
4.20290439361527 0 0 0 
4.25739262794142 0 0 0 
4.32288958367616 0 0 0 
4.26631561625802 0 0 0 
4.10841286819154 0 0 0 
4.33110087214086 0 0 0 
4.24735066644726 0 0 0 
4.17675662333388 0 0 0 
4.21312736547639 0 0 0 
4.22746009544183 0 0 0 
4.16897729142669 0 0 0 
4.37860375185124 0 0 0 
4.33825900937963 0 0 0 
4.21681750863913 0 0 0 
4.20110663156163 0 0 0 
4.3090628599638 0 0 0 
4.30188003949317 0 0 0 
4.27955817014974 0 0 0 
4.38156985354616 0 0 0 
4.30620371894027 0 0 0 
4.18799572157314 0 0 0 
4.16734819812407 0 0 0 
4.2942364653612 0 0 0 
4.14027480664802 0 0 0 
4.3186975481323 0 0 0 
4.33545746256377 0 0 0 
4.20645055125885 0 0 0 
4.22595030442653 0 0 0 
4.25703472107948 0 0 0 
4.40922741484285 0 0 0 
4.20252591739345 0 0 0 
4.23731281882508 0 0 0 
4.28489386210301 0 0 0 
4.22608606220174 0 0 0 
4.24755636004608 0 0 0 
4.27130574296528 0 0 0 
4.25816192200099 0 0 0 
4.24531018594701 0 0 0 
4.2279167352312 0 0 0 
4.19780319236465 0 0 0 
4.25000411387198 0 0 0 
4.27254401843015 0 0 0 
4.19297350666447 0 0 0 
4.30057182820471 0 0 0 
4.20431545170314 0 0 0 
4.23897070923153 0 0 0 
4.24907026493335 0 0 0 
4.28188662168833 0 0 0 
4.20784515385881 0 0 0 
4.29734655257528 0 0 0 
4.23952196807635 0 0 0 
4.06789534309692 0 0 0 
4.26798996215238 0 0 0 
4.19209313806154 0 0 0 
4.2022749712029 0 0 0 
4.20807964456146 0 0 0 
4.3709025835116 0 0 0 
4.29793072239592 0 0 0 
4.2065616258022 0 0 0 
4.13406697383577 0 0 0 
4.24724781964785 0 0 0 
4.20747901925292 0 0 0 
4.33084169820635 0 0 0 
4.3301382260984 0 0 0 
4.19197383577423 0 0 0 
4.26338242553892 0 0 0 
4.20617903570841 0 0 0 
4.26224699687346 0 0 0 
4.20066644726016 0 0 0 
4.17509050518348 0 0 0 
4.23504196149416 0 0 0 
4.20131643903242 0 0 0 
4.24625226262959 0 0 0 
4.31856179035708 0 0 0 
4.28937386868521 0 0 0 
4.27924962975152 0 0 0 
4.18756787888761 0 0 0 
4.24706269540892 0 0 0 
4.24908672042126 0 0 0 
4.22566233338818 0 0 0 
4.17384400197466 0 0 0 
4.28779414184631 0 0 0 
4.15633947671548 0 0 0 
4.18862514398552 0 0 0 
4.26278180023038 0 0 0 
4.26562859963798 0 0 0 
4.27297186111568 0 0 0 
4.2184548296857 0 0 0 
4.22216142833635 0 0 0 
4.23855520816192 0 0 0 
4.29596429159125 0 0 0 
4.19711617574461 0 0 0 
4.20410564423235 0 0 0 
4.28407108770775 0 0 0 
4.12978854698042 0 0 0 
4.31598650649992 0 0 0 
4.1660770116834 0 0 0 
4.24589846963962 0 0 0 
4.24014727661675 0 0 0 
4.34781553398058 0 0 0 
4.25930146453842 0 0 0 
4.19241813394767 0 0 0 
4.17794141846306 0 0 0 
4.20414678295211 0 0 0 
4.11985354615764 0 0 0 
4.25304015139049 0 0 0 
4.31903899950634 0 0 0 
4.23690554549942 0 0 0 
4.19361527069278 0 0 0 
4.28140118479513 0 0 0 
4.17373704130327 0 0 0 
4.28193598815205 0 0 0 
4.19710794800066 0 0 0 
4.27243294388679 0 0 0 
4.24020075695244 0 0 0 
4.16211946684219 0 0 0 
4.31211946684219 0 0 0 
4.21283939443804 0 0 0 
4.20365311831496 0 0 0 
4.23969886457133 0 0 0 
4.20786160934672 0 0 0 
4.29359470133289 0 0 0 
4.18846058910647 0 0 0 
4.275868026987 0 0 0 
4.24268142175415 0 0 0 
4.23739921013658 0 0 0 
4.26720832647688 0 0 0 
4.32592150732269 0 0 0 
4.15557429652789 0 0 0 
4.26730705940431 0 0 0 
4.26455899292414 0 0 0 
4.18705775876255 0 0 0 
4.30440595688662 0 0 0 
4.10791508968241 0 0 0 
4.27173769952279 0 0 0 
4.24056277768636 0 0 0 
4.2817878887609 0 0 0 
4.24008968240908 0 0 0 
4.10583758433438 0 0 0 
4.24770034556525 0 0 0 
4.25175662333388 0 0 0 
4.22921671877571 0 0 0 
4.25269458614448 0 0 0 
4.20784515385881 0 0 0 
4.22314464373869 0 0 0 
4.19892627941418 0 0 0 
4.22295951949975 0 0 0 
4.2231940102024 0 0 0 
4.23731693269705 0 0 0 
4.22950057594208 0 0 0 
4.24292002632878 0 0 0 
4.22802780977456 0 0 0 
4.2144438045088 0 0 0 
4.16591657067632 0 0 0 
4.25428254072733 0 0 0 
4.2553644890571 0 0 0 
4.27168833305907 0 0 0 
4.1839065328287 0 0 0 
4.25177719269376 0 0 0 
4.21711370742142 0 0 0 
4.17582688826724 0 0 0 
4.17812654270199 0 0 0 
4.24624403488563 0 0 0 
4.28800806318907 0 0 0 
4.27766578904065 0 0 0 
4.15076518018759 0 0 0 
4.18028632548955 0 0 0 
4.26585486259668 0 0 0 
4.1989756458779 0 0 0 
4.24720668092809 0 0 0 
4.249131973013 0 0 0 
4.29763040974165 0 0 0 
4.24797597498766 0 0 0 
4.16361691624157 0 0 0 
4.18932038834951 0 0 0 
4.32010860622017 0 0 0 
4.3295663978937 0 0 0 
4.16961905545499 0 0 0 
4.17952114530196 0 0 0 
4.25162497943064 0 0 0 
4.20007404969557 0 0 0 
4.20299901267073 0 0 0 
4.2328986341945 0 0 0 
4.26116916241567 0 0 0 
4.22661263781471 0 0 0 
4.21837255224617 0 0 0 
4.25406861938456 0 0 0 
4.21866463715649 0 0 0 
4.25707997367122 0 0 0 
4.24995474740826 0 0 0 
4.20571005430311 0 0 0 
4.2242183643245 0 0 0 
4.23146700674675 0 0 0 
4.27199275958532 0 0 0 
4.22256047391805 0 0 0 
4.2811461247326 0 0 0 
4.14944051341122 0 0 0 
4.2286983709067 0 0 0 
4.1374485766003 0 0 0 
4.23216636498272 0 0 0 
4.1996174099062 0 0 0 
4.31700263287806 0 0 0 
4.28832483133125 0 0 0 
4.19682820470627 0 0 0 
4.30488316603587 0 0 0 
4.18457709396084 0 0 0 
4.24705858153694 0 0 0 
4.23370495310186 0 0 0 
4.21276123087049 0 0 0 
4.20899703801218 0 0 0 
4.22103422741484 0 0 0 
4.13272996544347 0 0 0 
4.21489221655422 0 0 0 
4.13815616258022 0 0 0 
4.26454665130821 0 0 0 
4.16346470297844 0 0 0 
4.27911798584828 0 0 0 
4.26931462892875 0 0 0 
4.17019499753168 0 0 0 
4.25308540398223 0 0 0 
4.16501974658549 0 0 0 
4.23110498601284 0 0 0 
4.22844742471614 0 0 0 
4.24408836597005 0 0 0 
4.25972930722396 0 0 0 
4.28008474576271 0 0 0 
4.17558416982063 0 0 0 
4.24351242389337 0 0 0 
4.22716801053151 0 0 0 
4.18013411222643 0 0 0 
4.17425950304427 0 0 0 
4.26440266578904 0 0 0 
4.25297021556689 0 0 0 
4.20786160934672 0 0 0 
4.28195655751193 0 0 0 
4.23277933190719 0 0 0 
4.2057470791509 0 0 0 
4.19608770775054 0 0 0 
4.27721326312325 0 0 0 
4.20806730294553 0 0 0 
4.17198864571334 0 0 0 
4.30145219680764 0 0 0 
4.26554220832648 0 0 0 
4.20211041632384 0 0 0 
4.19397317755471 0 0 0 
4.20632713509956 0 0 0 
4.23926279414185 0 0 0 
4.12735313477045 0 0 0 
4.19530195820306 0 0 0 
4.33015056771433 0 0 0 
4.17937715978279 0 0 0 
4.16357166364983 0 0 0 
4.21283528056607 0 0 0 
4.24698864571335 0 0 0 
4.2151555043607 0 0 0 
4.24811173276288 0 0 0 
4.22873539575448 0 0 0 
4.22590093796281 0 0 0 
4.19174757281553 0 0 0 
4.25629833799572 0 0 0 
4.25415501069607 0 0 0 
4.15592397564588 0 0 0 
4.18134770445944 0 0 0 
4.29788958367616 0 0 0 
4.18312901102518 0 0 0 
4.17896577258516 0 0 0 
4.28598815204871 0 0 0 
4.17745186769788 0 0 0 
4.1747572815534 0 0 0 
4.23793812736548 0 0 0 
4.19919779496462 0 0 0 
4.21469063682738 0 0 0 
4.20547967747244 0 0 0 
4.21376090176074 0 0 0 
4.23732104656903 0 0 0 
4.20429488234326 0 0 0 
4.23934507158137 0 0 0 
4.22183231857825 0 0 0 
4.18560967582689 0 0 0 
4.18733338818496 0 0 0 
4.2301217706105 0 0 0 
4.23018759256212 0 0 0 
4.17091492512753 0 0 0 
4.24011847951292 0 0 0 
4.2533857166365 0 0 0 
4.23561790357084 0 0 0 
4.20833881849597 0 0 0 
4.14896330426197 0 0 0 
4.26325078163568 0 0 0 
4.25738028632549 0 0 0 
4.26618397235478 0 0 0 
4.23205940431134 0 0 0 
4.23242142504525 0 0 0 
4.19819812407438 0 0 0 
4.28491443146289 0 0 0 
4.24103998683561 0 0 0 
4.12811420108606 0 0 0 
4.17588036860293 0 0 0 
4.16471532005924 0 0 0 
4.21522955405628 0 0 0 
4.22091492512753 0 0 0 
4.26380615435248 0 0 0 
4.17774806648017 0 0 0 
4.15493253249959 0 0 0 
4.21792002632878 0 0 0 
4.17152377818002 0 0 0 
4.18920519993418 0 0 0 
4.12629586967254 0 0 0 
4.31190143162745 0 0 0 
4.16773078821787 0 0 0 
4.14586555866381 0 0 0 
4.33140941253908 0 0 0 
4.26369919368109 0 0 0 
4.09846141188086 0 0 0 
4.23562613131479 0 0 0 
4.28154928418628 0 0 0 
4.20185535626131 0 0 0 
4.14777028138884 0 0 0 
4.31328369261149 0 0 0 
4.14169820635182 0 0 0 
4.18800806318907 0 0 0 
4.23435494487412 0 0 0 
4.18340052657561 0 0 0 
4.14167763699194 0 0 0 
4.24949399374691 0 0 0 
4.2404681586309 0 0 0 
4.25911222642751 0 0 0 
4.23804508803686 0 0 0 
4.08697136745104 0 0 0 
4.23292331742636 0 0 0 
4.16184383741978 0 0 0 
4.19938291920355 0 0 0 
4.33222807306237 0 0 0 
4.18850995557018 0 0 0 
4.24791838077999 0 0 0 
4.20589517854204 0 0 0 
4.27745186769788 0 0 0 
4.12926608523943 0 0 0 
4.2923440842521 0 0 0 
4.20057594207668 0 0 0 
4.2286119795952 0 0 0 
4.19462728319895 0 0 0 
4.16441500740497 0 0 0 
4.1711453019582 0 0 0 
4.23498436728649 0 0 0 
4.18727168010532 0 0 0 
4.08032746420931 0 0 0 
4.23855109428995 0 0 0 
4.20648757610663 0 0 0 
4.31217706104986 0 0 0 
4.31135840052658 0 0 0 
4.21281882507816 0 0 0 
4.21101694915254 0 0 0 
4.14174757281553 0 0 0 
4.14999588612802 0 0 0 
4.25225028797104 0 0 0 
4.23132302122758 0 0 0 
4.24979430640118 0 0 0 
4.18030278097746 0 0 0 
4.23813970709231 0 0 0 
4.24645384235643 0 0 0 
4.20604327793319 0 0 0 
4.2007116998519 0 0 0 
4.16563682738193 0 0 0 
4.23282047062695 0 0 0 
4.22512341615929 0 0 0 
4.21412703636663 0 0 0 
4.21091410235313 0 0 0 
4.15631479348363 0 0 0 
4.25023860457463 0 0 0 
4.27153200592398 0 0 0 
4.1689937469146 0 0 0 
4.21030113542867 0 0 0 
4.18548214579562 0 0 0 
4.23710712522626 0 0 0 
4.15282623004772 0 0 0 
4.22613131479348 0 0 0 
4.23418216225111 0 0 0 
4.19837502056936 0 0 0 
4.19027892051999 0 0 0 
4.1872223136416 0 0 0 
4.2823268059898 0 0 0 
4.22454747408261 0 0 0 
4.23577834457792 0 0 0 
4.24529373045911 0 0 0 
4.16031347704459 0 0 0 
4.18022050353793 0 0 0 
4.22483955899292 0 0 0 
4.25749136086885 0 0 0 
4.12850501892381 0 0 0 
4.22667434589436 0 0 0 
4.20028385716637 0 0 0 
4.24110169491525 0 0 0 
4.17242060227086 0 0 0 
4.22499588612802 0 0 0 
4.18691788711535 0 0 0 
4.16383495145631 0 0 0 
4.18778591410235 0 0 0 
4.19996297515221 0 0 0 
4.20033322363008 0 0 0 
4.09885634359059 0 0 0 
4.31175744610828 0 0 0 
4.26896494981076 0 0 0 
4.09050106960671 0 0 0 
4.25801793648182 0 0 0 
4.30332812242883 0 0 0 
4.21401596182327 0 0 0 
4.15439772914267 0 0 0 
4.21973835774231 0 0 0 
4.1870824419944 0 0 0 
4.21644314628929 0 0 0 
4.27445285502715 0 0 0 
4.2327957873951 0 0 0 
4.19055454994241 0 0 0 
4.17361362514399 0 0 0 
4.1981940102024 0 0 0 
4.25606384729307 0 0 0 
4.21448082935659 0 0 0 
4.25946601941748 0 0 0 
4.27017854204377 0 0 0 
4.16974658548626 0 0 0 
4.20687839394438 0 0 0 
4.13083758433438 0 0 0 
4.282812242883 0 0 0 
4.17968158630903 0 0 0 
4.21411058087872 0 0 0 
4.18151637321047 0 0 0 
4.18354862596676 0 0 0 
4.23642010860622 0 0 0 
4.20054714497285 0 0 0 
4.17240826065493 0 0 0 
4.17577340793154 0 0 0 
4.22697054467665 0 0 0 
4.23378311666941 0 0 0 
4.1837502056936 0 0 0 
4.16803521474412 0 0 0 
4.30378064834622 0 0 0 
4.19821869343426 0 0 0 
4.23001069606714 0 0 0 
4.19451620865559 0 0 0 
4.14858071416818 0 0 0 
4.26435329932532 0 0 0 
4.1822404146783 0 0 0 
4.30773819318743 0 0 0 
4.19071499094948 0 0 0 
4.13012588448247 0 0 0 
4.2713016290933 0 0 0 
4.11895260819483 0 0 0 
4.31456310679612 0 0 0 
4.16632384400197 0 0 0 
4.16441500740497 0 0 0 
4.19792249465197 0 0 0 
4.24894273490209 0 0 0 
4.1762506170808 0 0 0 
4.25245186769788 0 0 0 
4.21462892874774 0 0 0 
4.21923235148922 0 0 0 
4.17961987822939 0 0 0 
4.19527316109923 0 0 0 
4.14125390817838 0 0 0 
4.2398263946026 0 0 0 
4.22530031265427 0 0 0 
4.16571910482146 0 0 0 
4.24655257528386 0 0 0 
4.2356425868027 0 0 0 
4.21190143162745 0 0 0 
4.13077176238275 0 0 0 
4.21779249629752 0 0 0 
4.118055784104 0 0 0 
4.18911058087872 0 0 0 
4.15860622017443 0 0 0 
4.20216389665954 0 0 0 
4.14917722560474 0 0 0 
4.24435988152049 0 0 0 
4.1542701991114 0 0 0 
4.16693681092644 0 0 0 
4.24243458943558 0 0 0 
