1.00273543152201 0 0 0 
0.947350626997787 0 0 0 
1.08310794197197 0 0 0 
1.0494529136956 0 0 0 
0.96523850504057 0 0 0 
1.0353454634866 0 0 0 
1.11534915170888 0 0 0 
0.985800344234079 0 0 0 
0.999077944430784 0 0 0 
1.05873493975904 0 0 0 
1.00642365379887 0 0 0 
0.983310794197197 0 0 0 
1.03199532825178 0 0 0 
1.09703098106713 0 0 0 
1.0956478977133 0 0 0 
0.958261617900172 0 0 0 
1.06017949348414 0 0 0 
1.0755470863044 0 0 0 
0.984970494221785 0 0 0 
1.04428940250799 0 0 0 
1.10434595524957 0 0 0 
0.999600442586673 0 0 0 
1.0363289894271 0 0 0 
1.05682935824932 0 0 0 
1.02283624293091 0 0 0 
1.00107573149742 0 0 0 
1.0387570690927 0 0 0 
1.0776678141136 0 0 0 
0.977348168182936 0 0 0 
1.0191172854684 0 0 0 
1.1037619867224 0 0 0 
1.04954511925252 0 0 0 
0.977901401524465 0 0 0 
1.06411359724613 0 0 0 
1.07376444553725 0 0 0 
0.977378903368576 0 0 0 
1.04398205065159 0 0 0 
1.0706909269732 0 0 0 
1.02492623555446 0 0 0 
0.998555446274895 0 0 0 
1.02710843373494 0 0 0 
1.02938283747234 0 0 0 
0.958876321612983 0 0 0 
1.05111261372019 0 0 0 
1.07022989918859 0 0 0 
1.04810056552742 0 0 0 
0.970770838455864 0 0 0 
1.04521145807721 0 0 0 
1.08163265306122 0 0 0 
0.979223014507008 0 0 0 
1.01303171871158 0 0 0 
1.07545488074748 0 0 0 
1.00709982788296 0 0 0 
0.976088025571674 0 0 0 
1.09703098106713 0 0 0 
1.03983280059012 0 0 0 
0.972799360708139 0 0 0 
1.03473075977379 0 0 0 
1.07299606589624 0 0 0 
1.00006147037128 0 0 0 
0.976825670027047 0 0 0 
1.0580280304893 0 0 0 
1.07434841406442 0 0 0 
0.945045488074748 0 0 0 
1.01671994098844 0 0 0 
1.07173592328498 0 0 0 
1.00043029259897 0 0 0 
0.978485370051635 0 0 0 
1.06263830833538 0 0 0 
1.04674821735923 0 0 0 
0.979130808950086 0 0 0 
1.06005655274158 0 0 0 
1.08701131054832 0 0 0 
1.01247848537005 0 0 0 
0.994775018441111 0 0 0 
1.08369191049914 0 0 0 
1.06946151954758 0 0 0 
0.958446029014015 0 0 0 
1.03264076715023 0 0 0 
1.07370297516597 0 0 0 
0.999446766658471 0 0 0 
0.976579788541923 0 0 0 
1.0449041062208 0 0 0 
1.06497418244406 0 0 0 
1.00574747971478 0 0 0 
1.02176051143349 0 0 0 
1.07991148266536 0 0 0 
1.00922055569216 0 0 0 
0.998770592574379 0 0 0 
1.08083353823457 0 0 0 
1.02929063191542 0 0 0 
0.996895746250307 0 0 0 
1.04309073026801 0 0 0 
1.06512785837226 0 0 0 
1.08977747725596 0 0 0 
0.954850012294074 0 0 0 
1.10068846815835 0 0 0 
1.07871281042537 0 0 0 
0.929063191541677 0 0 0 
1.04419719695107 0 0 0 
1.11113843127613 0 0 0 
1.03070445045488 0 0 0 
1.03608310794197 0 0 0 
1.09810671256454 0 0 0 
1.06595770838456 0 0 0 
0.97052495697074 0 0 0 
1.03552987460044 0 0 0 
1.10477624784854 0 0 0 
1.06254610277846 0 0 0 
0.996342512908778 0 0 0 
1.05003688222277 0 0 0 
1.06731005655274 0 0 0 
0.952913695598721 0 0 0 
1.0708446029014 0 0 0 
1.05338701745759 0 0 0 
0.987521514629948 0 0 0 
1.02053110400787 0 0 0 
1.03270223752151 0 0 0 
1.01967051880993 0 0 0 
0.915140152446521 0 0 0 
1.10379272190804 0 0 0 
1.0744098844357 0 0 0 
0.951253995574133 0 0 0 
0.95103884927465 0 0 0 
1.12715146299484 0 0 0 
1.04195352839931 0 0 0 
1.00365748709122 0 0 0 
1.04370543398082 0 0 0 
0.995113105483157 0 0 0 
0.986507253503811 0 0 0 
1.04730145070076 0 0 0 
1.06672608802557 0 0 0 
0.992592820260634 0 0 0 
0.991609294320138 0 0 0 
1.08006515859356 0 0 0 
1.13096262601426 0 0 0 
1.02050036882223 0 0 0 
0.965115564298008 0 0 0 
1.1087718219818 0 0 0 
1.03513031718712 0 0 0 
1.0059933611999 0 0 0 
1.1084644701254 0 0 0 
1.04173838209983 0 0 0 
1.00540939267273 0 0 0 
1.04776247848537 0 0 0 
1.08467543643964 0 0 0 
1.018809933612 0 0 0 
0.963916892058028 0 0 0 
1.09700024588149 0 0 0 
1.03771207278092 0 0 0 
0.976825670027047 0 0 0 
1.06936931399066 0 0 0 
1.06734079173838 0 0 0 
0.990072535038112 0 0 0 
0.977747725596263 0 0 0 
1.10406933857881 0 0 0 
1.02990533562823 0 0 0 
0.973967297762478 0 0 0 
1.02056183919351 0 0 0 
1.11977501844111 0 0 0 
1.02799975411851 0 0 0 
0.983618146053602 0 0 0 
1.04342881731006 0 0 0 
1.09696951069584 0 0 0 
0.987982542414556 0 0 0 
1.02673961150725 0 0 0 
1.0191172854684 0 0 0 
1.01060363904598 0 0 0 
0.961335136464224 0 0 0 
1.09767641996558 0 0 0 
1.05855052864519 0 0 0 
0.965638062453897 0 0 0 
1.05068232112122 0 0 0 
1.10864888123924 0 0 0 
0.993422670272928 0 0 0 
0.970709368084583 0 0 0 
1.09472584214409 0 0 0 
1.05314113597246 0 0 0 
0.92337718219818 0 0 0 
1.16898205065159 0 0 0 
1.11061593312024 0 0 0 
0.957155151217113 0 0 0 
1.04293705433981 0 0 0 
1.0791123678387 0 0 0 
1.05092820260634 0 0 0 
0.973383329235309 0 0 0 
1.05335628227194 0 0 0 
1.05799729530366 0 0 0 
0.966283501352348 0 0 0 
1.06359109909024 0 0 0 
1.03027415785591 0 0 0 
1.06233095647898 0 0 0 
0.988382099827883 0 0 0 
1.082677649373 0 0 0 
1.06346815834768 0 0 0 
0.972338332923531 0 0 0 
1.02065404475043 0 0 0 
1.0389107450209 0 0 0 
1.00906687976395 0 0 0 
0.99176297024834 0 0 0 
1.0979223014507 0 0 0 
1.10127243668552 0 0 0 
0.965638062453897 0 0 0 
1.05612244897959 0 0 0 
1.10222522744037 0 0 0 
0.988627981313007 0 0 0 
0.993607081386772 0 0 0 
1.07210474551266 0 0 0 
1.0815404475043 0 0 0 
0.955925743791493 0 0 0 
1.06349889353332 0 0 0 
1.1133206294566 0 0 0 
0.972983771821982 0 0 0 
1.0118330464716 0 0 0 
1.08830218834522 0 0 0 
1.03350135234817 0 0 0 
0.989089009097615 0 0 0 
1.06995328251783 0 0 0 
0.999446766658471 0 0 0 
1.03476149495943 0 0 0 
0.982081386771576 0 0 0 
1.06540447504303 0 0 0 
1.00003073518564 0 0 0 
0.975104499631178 0 0 0 
1.08061839193509 0 0 0 
1.0883636587165 0 0 0 
0.985615933120236 0 0 0 
1.02753872633391 0 0 0 
1.07287312515368 0 0 0 
1.02683181706418 0 0 0 
0.952329727071552 0 0 0 
1.01140275387263 0 0 0 
1.07527046963364 0 0 0 
0.945014752889107 0 0 0 
1.02947504302926 0 0 0 
1.084644701254 0 0 0 
1.0269240226211 0 0 0 
0.949932382591591 0 0 0 
1.06525079911483 0 0 0 
1.02993607081387 0 0 0 
0.960443816080649 0 0 0 
0.99824809441849 0 0 0 
1.09029997541185 0 0 0 
1.03257929677895 0 0 0 
0.973813621834276 0 0 0 
1.06715638062454 0 0 0 
1.08430661421195 0 0 0 
0.970801573641505 0 0 0 
1.03153430046717 0 0 0 
1.04936070813868 0 0 0 
1.01023481681829 0 0 0 
1.00829850012294 0 0 0 
1.05062085074994 0 0 0 
1.04782394885665 0 0 0 
0.994836488812392 0 0 0 
0.990502827637079 0 0 0 
1.08734939759036 0 0 0 
1.02191418736169 0 0 0 
0.972614949594296 0 0 0 
1.06706417506762 0 0 0 
1.05228055077453 0 0 0 
1.01330833538235 0 0 0 
1.01014261126137 0 0 0 
1.07914310302434 0 0 0 
0.967328497664126 0 0 0 
0.975165970002459 0 0 0 
1.08320014752889 0 0 0 
1.06116301942464 0 0 0 
0.988289894270961 0 0 0 
1.03110400786821 0 0 0 
1.07339562330956 0 0 0 
0.986507253503811 0 0 0 
0.960966314236538 0 0 0 
1.05661421194984 0 0 0 
1.09862921072043 0 0 0 
0.938929186132284 0 0 0 
1.04219940988444 0 0 0 
1.06174698795181 0 0 0 
1.00783747233833 0 0 0 
1.01641258913204 0 0 0 
1.02551020408163 0 0 0 
1.04388984509466 0 0 0 
1.0056860093435 0 0 0 
1.03377796901893 0 0 0 
1.09497172362921 0 0 0 
1.0236660929432 0 0 0 
0.992469879518072 0 0 0 
1.08581263830834 0 0 0 
1.10302434226703 0 0 0 
1.01561347430538 0 0 0 
1.05015982296533 0 0 0 
1.08157118268994 0 0 0 
0.960536021637571 0 0 0 
1.03221047455127 0 0 0 
1.06423653798869 0 0 0 
1.05034423407917 0 0 0 
0.921963363658716 0 0 0 
1.14424022621097 0 0 0 
1.02689328743546 0 0 0 
0.984202114580772 0 0 0 
1.02514138185395 0 0 0 
1.07763707892796 0 0 0 
1.07693016965822 0 0 0 
0.977409638554217 0 0 0 
1.09472584214409 0 0 0 
1.05025202852225 0 0 0 
0.967420703221047 0 0 0 
1.03589869682813 0 0 0 
1.11639414802065 0 0 0 
1.0580280304893 0 0 0 
0.995236046225719 0 0 0 
0.998493975903614 0 0 0 
1.05501598229653 0 0 0 
1.00316572412097 0 0 0 
1.00381116301942 0 0 0 
1.04235308581264 0 0 0 
0.998278829604131 0 0 0 
0.953159577083846 0 0 0 
1.08384558642734 0 0 0 
1.05864273420211 0 0 0 
0.944215638062454 0 0 0 
1.00172117039587 0 0 0 
1.10090361445783 0 0 0 
0.999661912957954 0 0 0 
0.977194492254733 0 0 0 
1.08974674207032 0 0 0 
1.05126628964839 0 0 0 
0.958814851241702 0 0 0 
1.06638800098353 0 0 0 
1.05898082124416 0 0 0 
0.989857388738628 0 0 0 
0.975381116301942 0 0 0 
1.07917383820998 0 0 0 
1.0244959429555 0 0 0 
1.0014445537251 0 0 0 
1.05129702483403 0 0 0 
1.04622571920334 0 0 0 
1.00759159085321 0 0 0 
0.97169289402508 0 0 0 
1.08135603639046 0 0 0 
0.989519301696582 0 0 0 
0.990164740595033 0 0 0 
1.07413326776494 0 0 0 
1.04662527661667 0 0 0 
0.970555692156381 0 0 0 
1.03113474305385 0 0 0 
1.0637140398328 0 0 0 
1.00823702975166 0 0 0 
1.07127489550037 0 0 0 
1.09623186624047 0 0 0 
1.09183673469388 0 0 0 
0.988904597983772 0 0 0 
1.07908163265306 0 0 0 
1.07622326038849 0 0 0 
0.942002704696336 0 0 0 
0.991640029505778 0 0 0 
1.06764814359479 0 0 0 
1.03408532087534 0 0 0 
0.950516351118761 0 0 0 
1.08144824194738 0 0 0 
1.05941111384313 0 0 0 
1.00218219818048 0 0 0 
0.979684042291615 0 0 0 
1.06580403245636 0 0 0 
1.02194492254733 0 0 0 
0.985093434964347 0 0 0 
1.03251782640767 0 0 0 
1.05095893779198 0 0 0 
1.02302065404475 0 0 0 
0.968096877305139 0 0 0 
1.0625768379641 0 0 0 
1.01171010572904 0 0 0 
0.951745758544382 0 0 0 
1.1105851979346 0 0 0 
1.0389107450209 0 0 0 
0.970955249569707 0 0 0 
1.08230882714532 0 0 0 
1.07831325301205 0 0 0 
1.02007007622326 0 0 0 
0.928786574870912 0 0 0 
1.04720924514384 0 0 0 
1.07075239734448 0 0 0 
0.970186869928694 0 0 0 
1.04229161544136 0 0 0 
1.0800958937792 0 0 0 
1.04828497664126 0 0 0 
0.986814605360216 0 0 0 
1.03863412835014 0 0 0 
1.0681091713794 0 0 0 
1.00494836488812 0 0 0 
1.02833784116056 0 0 0 
1.05440127858372 0 0 0 
1.03328620604868 0 0 0 
0.960320875338087 0 0 0 
1.09700024588149 0 0 0 
1.02606343742316 0 0 0 
0.961796164248832 0 0 0 
1.05630686009343 0 0 0 
1.10628227194492 0 0 0 
1.02698549299238 0 0 0 
0.960044258667322 0 0 0 
1.08572043275141 0 0 0 
1.04828497664126 0 0 0 
1.00605483157118 0 0 0 
1.00073764445537 0 0 0 
1.06392918613228 0 0 0 
1.01051143348906 0 0 0 
0.970186869928694 0 0 0 
1.08298500122941 0 0 0 
1.05350995820015 0 0 0 
0.963302188345218 0 0 0 
1.01951684288173 0 0 0 
1.0768379641013 0 0 0 
0.995082370297517 0 0 0 
0.995973690681092 0 0 0 
1.05753626751906 0 0 0 
1.05375583968527 0 0 0 
0.991025325792968 0 0 0 
1.03442340791738 0 0 0 
1.09368084583231 0 0 0 
1.06626506024096 0 0 0 
0.960105729038603 0 0 0 
1.06165478239489 0 0 0 
1.08845586427342 0 0 0 
0.949194738136218 0 0 0 
1.06506638800098 0 0 0 
1.07228915662651 0 0 0 
1.01103393164495 0 0 0 
0.987490779444308 0 0 0 
1.05732112121957 0 0 0 
1.04063191541677 0 0 0 
0.973321858864028 0 0 0 
1.04705556921564 0 0 0 
1.05040570445045 0 0 0 
1.01472215392181 0 0 0 
1.05406319154168 0 0 0 
1.10102655520039 0 0 0 
1.0838148512417 0 0 0 
1.00666953528399 0 0 0 
1.02016228178018 0 0 0 
1.06125522498156 0 0 0 
1.00181337595279 0 0 0 
0.984232849766413 0 0 0 
1.07201253995574 0 0 0 
1.03297885419228 0 0 0 
1.01072657978854 0 0 0 
1.02437300221293 0 0 0 
1.05298746004426 0 0 0 
0.976794934841406 0 0 0 
0.990810179493484 0 0 0 
1.12512294074256 0 0 0 
1.03430046717482 0 0 0 
0.970125399557413 0 0 0 
1.03408532087534 0 0 0 
1.04066265060241 0 0 0 
0.980575362675191 0 0 0 
0.98349520531104 0 0 0 
1.06116301942464 0 0 0 
1.03448487828866 0 0 0 
0.955341775264323 0 0 0 
1.08710351610524 0 0 0 
1.06140890090976 0 0 0 
1.00445660191788 0 0 0 
0.960290140152447 0 0 0 
1.06774034915171 0 0 0 
1.03460781903123 0 0 0 
0.944861076960905 0 0 0 
1.02910622080157 0 0 0 
1.06051758052619 0 0 0 
1.02172977624785 0 0 0 
0.988474305384805 0 0 0 
1.02953651340054 0 0 0 
1.04889968035407 0 0 0 
0.970555692156381 0 0 0 
1.03451561347431 0 0 0 
1.0504364396361 0 0 0 
1.01813375952791 0 0 0 
1.01699655765921 0 0 0 
1.11375092205557 0 0 0 
1.1329604130809 0 0 0 
0.932966560118023 0 0 0 
1.02363535775756 0 0 0 
1.07142857142857 0 0 0 
0.981774034915171 0 0 0 
1.03156503565282 0 0 0 
1.07840545856897 0 0 0 
1.02846078190312 0 0 0 
0.997940742562085 0 0 0 
1.11909884435702 0 0 0 
1.01118760757315 0 0 0 
0.992408409146791 0 0 0 
1.02514138185395 0 0 0 
1.06266904352102 0 0 0 
1.0436132284239 0 0 0 
0.916984263584952 0 0 0 
1.075239734448 0 0 0 
1.07281165478239 0 0 0 
0.959245143840669 0 0 0 
1.03832677649373 0 0 0 
1.07324194738136 0 0 0 
1.05993361199902 0 0 0 
0.976794934841406 0 0 0 
1.03439267273174 0 0 0 
1.0390644209491 0 0 0 
0.977993607081387 0 0 0 
1.07591590853209 0 0 0 
1.12214162773543 0 0 0 
0.979468895992132 0 0 0 
0.956847799360708 0 0 0 
1.0411851487583 0 0 0 
1.02824563560364 0 0 0 
0.96874231620359 0 0 0 
1.03537619867224 0 0 0 
1.0741025325793 0 0 0 
1.03239488566511 0 0 0 
0.978393164494714 0 0 0 
1.10201008114089 0 0 0 
1.01404597983772 0 0 0 
1.03921809687731 0 0 0 
1.08230882714532 0 0 0 
1.06033316941234 0 0 0 
0.965883943939021 0 0 0 
0.985923284976641 0 0 0 
1.05455495451193 0 0 0 
1.02886033931645 0 0 0 
1.00654659454143 0 0 0 
1.03491517088763 0 0 0 
1.04680968773051 0 0 0 
0.988382099827883 0 0 0 
1.00688468158348 0 0 0 
1.08227809195968 0 0 0 
1.02418859109909 0 0 0 
0.915416769117285 0 0 0 
1.06850872879272 0 0 0 
1.02126874846324 0 0 0 
0.992869436931399 0 0 0 
1.02959798377182 0 0 0 
1.06460536021638 0 0 0 
0.988996803540693 0 0 0 
1.00172117039587 0 0 0 
1.0565834767642 0 0 0 
1.09506392918613 0 0 0 
1.00875952790755 0 0 0 
0.988412835013524 0 0 0 
1.1472215392181 0 0 0 
1.02677034669289 0 0 0 
1.01207892795672 0 0 0 
1.06761740840915 0 0 0 
1.00725350381116 0 0 0 
0.968926727317433 0 0 0 
1.03894148020654 0 0 0 
1.08418367346939 0 0 0 
1.03608310794197 0 0 0 
1.01149495942956 0 0 0 
1.10772682567003 0 0 0 
1.0269240226211 0 0 0 
0.986876075731497 0 0 0 
1.0295057782149 0 0 0 
1.07195106958446 0 0 0 
0.999723383329235 0 0 0 
0.996834275879026 0 0 0 
1.06460536021638 0 0 0 
1.06918490287681 0 0 0 
0.956601917875584 0 0 0 
1.03967912466191 0 0 0 
1.10471477747726 0 0 0 
0.972153921809688 0 0 0 
1.00046102778461 0 0 0 
1.07351856405213 0 0 0 
1.02099213179248 0 0 0 
0.998924268502582 0 0 0 
1.05621465453651 0 0 0 
1.08104868453405 0 0 0 
0.965761003196459 0 0 0 
1.03328620604868 0 0 0 
1.06119375461028 0 0 0 
1.06896975657733 0 0 0 
0.99117900172117 0 0 0 
1.04868453405459 0 0 0 
1.06060978608311 0 0 0 
0.972430538480452 0 0 0 
0.953651340054094 0 0 0 
1.10840299975412 0 0 0 
1.03645193016966 0 0 0 
0.990103270223752 0 0 0 
1.0896545365134 0 0 0 
1.05492377673961 0 0 0 
0.969818047701008 0 0 0 
1.01785714285714 0 0 0 
1.11547209245144 0 0 0 
1.06435947873125 0 0 0 
1.02710843373494 0 0 0 
1.07022989918859 0 0 0 
1.02849151708876 0 0 0 
1.05784361937546 0 0 0 
0.982603884927465 0 0 0 
1.11024711089255 0 0 0 
0.982788296041308 0 0 0 
0.988074747971478 0 0 0 
1.02148389476272 0 0 0 
1.07188959921318 0 0 0 
0.943600934349643 0 0 0 
1.02618637816572 0 0 0 
1.07480944184903 0 0 0 
1.04315220063929 0 0 0 
0.972737890336858 0 0 0 
1.08080280304893 0 0 0 
1.04327514138185 0 0 0 
1.03482296533071 0 0 0 
1.00820629456602 0 0 0 
1.09426481435948 0 0 0 
1.0400479468896 0 0 0 
0.977686255224982 0 0 0 
1.08759527907549 0 0 0 
1.04551880993361 0 0 0 
0.998678387017458 0 0 0 
1.03267150233587 0 0 0 
0.99293090730268 0 0 0 
1.07302680108188 0 0 0 
1.04167691172855 0 0 0 
1.07453282517826 0 0 0 
1.02523358741087 0 0 0 
1.01250922055569 0 0 0 
1.03168797639538 0 0 0 
1.13674084091468 0 0 0 
1.01613597246127 0 0 0 
0.962441603147283 0 0 0 
1.1321305630686 0 0 0 
1.00623924268503 0 0 0 
0.952514138185395 0 0 0 
1.10686624047209 0 0 0 
1.01266289648389 0 0 0 
0.99114826653553 0 0 0 
1.05759773789034 0 0 0 
1.04207646914187 0 0 0 
1.0421686746988 0 0 0 
0.981220801573642 0 0 0 
1.04511925252029 0 0 0 
1.02086919104991 0 0 0 
1.01478362429309 0 0 0 
1.04625645438898 0 0 0 
1.08243176788788 0 0 0 
1.01502950577821 0 0 0 
1.15410622080157 0 0 0 
1.05818170641751 0 0 0 
1.07105974920089 0 0 0 
1.24299237767396 0 0 0 
1.00464101303172 0 0 0 
1.11227563314482 0 0 0 
1.0166892058028 0 0 0 
1.00184411113843 0 0 0 
1.06687976395377 0 0 0 
1.03463855421687 0 0 0 
0.96699041062208 0 0 0 
1.08104868453405 0 0 0 
1.04404352102287 0 0 0 
1.02246742070322 0 0 0 
1.03008974674207 0 0 0 
1.087380132776 0 0 0 
0.999016474059503 0 0 0 
0.964900417998525 0 0 0 
1.03347061716253 0 0 0 
1.05111261372019 0 0 0 
1.00491762970248 0 0 0 
0.973752151462995 0 0 0 
1.03497664125891 0 0 0 
1.02412712072781 0 0 0 
0.949133267764937 0 0 0 
0.962472338332924 0 0 0 
1.01340054093927 0 0 0 
0.919750430292599 0 0 0 
0.880009835259405 0 0 0 
0.963394393902139 0 0 0 
0.952544873371035 0 0 0 
0.912527661667076 0 0 0 
0.980882714531596 0 0 0 
0.99938529628719 0 0 0 
0.975411851487583 0 0 0 
0.944246373248094 0 0 0 
0.984140644209491 0 0 0 
1.02990533562823 0 0 0 
0.962472338332924 0 0 0 
0.963609540201623 0 0 0 
1.06024096385542 0 0 0 
1.00307351856405 0 0 0 
1.19049668059995 0 0 0 
1.49520531104008 0 0 0 
1.30003688222277 0 0 0 
1.98057536267519 0 0 0 
2.5191172854684 0 0 0 
1.40244652077699 0 0 0 
1.08439881976887 0 0 0 
1.44006638800098 0 0 0 
1.49827882960413 0 0 0 
1.28371649864765 0 0 0 
2.21782026063437 0 0 0 
3.15988443570199 0 0 0 
3.13880009835259 0 0 0 
2.0273850504057 0 0 0 
2.17881731005655 0 0 0 
1.29339808212442 0 0 0 
2.1058827145316 0 0 0 
1.7415785591345 0 0 0 
2.89559257437915 0 0 0 
2.47396729776248 0 0 0 
1.24047209245144 0 0 0 
1.95088517334645 0 0 0 
1.68204450454881 0 0 0 
1.5473321858864 0 0 0 
2.17190189328744 0 0 0 
1.70841529382837 0 0 0 
1.58940865502828 0 0 0 
1.52624784853701 0 0 0 
1.8999569707401 0 0 0 
2.14669904106221 0 0 0 
1.15103270223752 0 0 0 
1.57797516597 0 0 0 
3.16858249323826 0 0 0 
3.33578190312269 0 0 0 
2.91839808212442 0 0 0 
2.67583599704942 0 0 0 
2.57898942709614 0 0 0 
2.08089500860585 0 0 0 
1.7261802311286 0 0 0 
1.50448733710352 0 0 0 
1.17623555446275 0 0 0 
0.993330464716007 0 0 0 
1.1118760757315 0 0 0 
1.20675559380379 0 0 0 
1.07262724366855 0 0 0 
1.1133206294566 0 0 0 
1.48918121465454 0 0 0 
1.80372510449963 0 0 0 
2.01072657978854 0 0 0 
2.05480083599705 0 0 0 
1.70580280304893 0 0 0 
1.34601671994099 0 0 0 
1.23438652569462 0 0 0 
1.15840914679125 0 0 0 
1.24308458323088 0 0 0 
1.1472215392181 0 0 0 
1.18087656749447 0 0 0 
1.38972215392181 0 0 0 
1.30864273420211 0 0 0 
1.28651340054094 0 0 0 
1.25759159085321 0 0 0 
1.25445660191788 0 0 0 
1.14703712810425 0 0 0 
1.19436931399066 0 0 0 
1.29496557659208 0 0 0 
1.11365871649865 0 0 0 
1.05212687484632 0 0 0 
1.12281780181952 0 0 0 
1.15303048930416 0 0 0 
1.15084829112368 0 0 0 
1.12807351856405 0 0 0 
1.16043766904352 0 0 0 
1.12490779444308 0 0 0 
1.46926481435948 0 0 0 
1.7122264568478 0 0 0 
1.5872264568478 0 0 0 
1.42150233587411 0 0 0 
1.33273911974428 0 0 0 
1.32628473075977 0 0 0 
1.26601303171871 0 0 0 
1.12988689451684 0 0 0 
1.11304401278584 0 0 0 
1.10207155151217 0 0 0 
1.00239734447996 0 0 0 
0.974981558888616 0 0 0 
1.05006761740841 0 0 0 
1.19295549545119 0 0 0 
1.29539586919105 0 0 0 
0.973291123678387 0 0 0 
1.38154659454143 0 0 0 
1.17943201376936 0 0 0 
1.21987951807229 0 0 0 
1.25424145561839 0 0 0 
1.12745881485124 0 0 0 
1.22639537742808 0 0 0 
1.34804524219326 0 0 0 
1.18994344725842 0 0 0 
1.1877305138923 0 0 0 
1.26358495205311 0 0 0 
1.21118146053602 0 0 0 
1.10628227194492 0 0 0 
1.16234325055323 0 0 0 
1.20365134005409 0 0 0 
1.20614089009098 0 0 0 
1.06801696582247 0 0 0 
1.05888861568724 0 0 0 
1.07729899188591 0 0 0 
0.982265797885419 0 0 0 
1.00218219818048 0 0 0 
1.13151585935579 0 0 0 
1.07413326776494 0 0 0 
0.989119744283255 0 0 0 
1.0906380624539 0 0 0 
1.12924145561839 0 0 0 
1.1652016228178 0 0 0 
1.05015982296533 0 0 0 
1.11842267027293 0 0 0 
1.21400909761495 0 0 0 
1.12917998524711 0 0 0 
1.16738382099828 0 0 0 
1.21354806983034 0 0 0 
1.11209122203098 0 0 0 
1.06359109909024 0 0 0 
1.11525694615195 0 0 0 
1.11676297024834 0 0 0 
1.04994467666585 0 0 0 
1.06104007868208 0 0 0 
1.11408900909762 0 0 0 
1.08538234570937 0 0 0 
1.03414679124662 0 0 0 
1.13465084829112 0 0 0 
1.04739365625768 0 0 0 
1.02504917629702 0 0 0 
1.06076346201131 0 0 0 
1.10265552003934 0 0 0 
1.08224735677403 0 0 0 
1.04143103024342 0 0 0 
1.07305753626752 0 0 0 
1.09152938283747 0 0 0 
1.05102040816327 0 0 0 
1.08799483648881 0 0 0 
1.15032579296779 0 0 0 
1.06992254733219 0 0 0 
1.05255716744529 0 0 0 
1.10834152938284 0 0 0 
1.07013769363167 0 0 0 
1.00657732972707 0 0 0 
1.11338209982788 0 0 0 
1.11716252766167 0 0 0 
1.07026063437423 0 0 0 
1.03958691910499 0 0 0 
1.14968035406934 0 0 0 
1.11620973690681 0 0 0 
0.975442586673223 0 0 0 
1.08771821981805 0 0 0 
1.11141504794689 0 0 0 
1.08197074010327 0 0 0 
1.06002581755594 0 0 0 
1.07834398819769 0 0 0 
1.17162527661667 0 0 0 
1.02621711335136 0 0 0 
1.04367469879518 0 0 0 
1.13836980575363 0 0 0 
1.08977747725596 0 0 0 
0.978823457093681 0 0 0 
1.10293213671011 0 0 0 
1.10511433489058 0 0 0 
1.02932136710106 0 0 0 
1.06900049176297 0 0 0 
1.07656134743054 0 0 0 
1.05311040078682 0 0 0 
1.04155397098598 0 0 0 
1.08221662158839 0 0 0 
1.0800958937792 0 0 0 
0.983341529382837 0 0 0 
1.02664740595033 0 0 0 
1.06546594541431 0 0 0 
0.959583230882715 0 0 0 
0.935763462011311 0 0 0 
0.993668551758053 0 0 0 
0.995297516597 0 0 0 
0.875368822227686 0 0 0 
0.887232603884927 0 0 0 
0.912189574625031 0 0 0 
1.14811285960167 0 0 0 
1.05424760265552 0 0 0 
1.17137939513155 0 0 0 
1.27323580034423 0 0 0 
1.22756331448242 0 0 0 
1.3218281288419 0 0 0 
1.30271084337349 0 0 0 
1.27053110400787 0 0 0 
1.20131546594541 0 0 0 
1.26748832062946 0 0 0 
1.22737890336858 0 0 0 
1.11937546102778 0 0 0 
1.16830587656749 0 0 0 
1.14408655028276 0 0 0 
1.10465330710598 0 0 0 
1.12736660929432 0 0 0 
1.17552864519302 0 0 0 
1.07090607327268 0 0 0 
1.1181767887878 0 0 0 
1.08181706417507 0 0 0 
1.10514507007622 0 0 0 
0.995020899926236 0 0 0 
1.09383452176051 0 0 0 
1.40121711335136 0 0 0 
1.2736660929432 0 0 0 
1.10874108679616 0 0 0 
1.14316449471355 0 0 0 
1.2686562576838 0 0 0 
1.10760388492747 0 0 0 
1.06792476026555 0 0 0 
1.20005532333415 0 0 0 
1.07450208999262 0 0 0 
1.02858372264568 0 0 0 
1.13956847799361 0 0 0 
1.10917137939513 0 0 0 
1.06316080649127 0 0 0 
1.04859232849766 0 0 0 
1.15613474305385 0 0 0 
1.11943693139907 0 0 0 
1.02409638554217 0 0 0 
1.09392672731743 0 0 0 
1.16606220801574 0 0 0 
1.00061470371281 0 0 0 
1.02409638554217 0 0 0 
1.1744529136956 0 0 0 
1.08421440865503 0 0 0 
1.04637939513155 0 0 0 
1.11043152200639 0 0 0 
1.14430169658225 0 0 0 
1.06411359724613 0 0 0 
1.06608064912712 0 0 0 
1.17263953774281 0 0 0 
1.10431522006393 0 0 0 
0.989211949840177 0 0 0 
1.12389353331694 0 0 0 
1.10161052372756 0 0 0 
1.03497664125891 0 0 0 
1.12383206294566 0 0 0 
1.14583845586427 0 0 0 
1.11037005163511 0 0 0 
1.03144209491025 0 0 0 
1.15164740595033 0 0 0 
1.11255224981559 0 0 0 
0.961919104991394 0 0 0 
1.11928325547086 0 0 0 
1.11467297762478 0 0 0 
1.05633759527908 0 0 0 
1.0342082616179 0 0 0 
1.11654782394886 0 0 0 
1.0870727809196 0 0 0 
1.05664494713548 0 0 0 
1.07628473075977 0 0 0 
1.13689451684288 0 0 0 
1.05907302680108 0 0 0 
1.03267150233587 0 0 0 
1.11083107941972 0 0 0 
1.10253257929678 0 0 0 
1.06005655274158 0 0 0 
1.09500245881485 0 0 0 
1.11338209982788 0 0 0 
1.06936931399066 0 0 0 
1.04468895992132 0 0 0 
1.07622326038849 0 0 0 
1.09315834767642 0 0 0 
1.0202544873371 0 0 0 
1.09739980329481 0 0 0 
1.12444676665847 0 0 0 
1.02990533562823 0 0 0 
1.04447381362183 0 0 0 
1.12291000737644 0 0 0 
1.15057167445291 0 0 0 
1.06220801573642 0 0 0 
1.08384558642734 0 0 0 
1.15020285222523 0 0 0 
1.0244959429555 0 0 0 
1.08900909761495 0 0 0 
1.13710966314237 0 0 0 
1.08704204573396 0 0 0 
1.0162281780182 0 0 0 
1.10963240717974 0 0 0 
1.10296287189575 0 0 0 
1.09097614949594 0 0 0 
1.04210720432751 0 0 0 
1.15653430046717 0 0 0 
1.10145684779936 0 0 0 
1.00264322596508 0 0 0 
1.08747233833292 0 0 0 
1.10354684042292 0 0 0 
1.03340914679125 0 0 0 
1.03970985984755 0 0 0 
1.13117777231374 0 0 0 
1.11664002950578 0 0 0 
1.02984386525695 0 0 0 
1.06042537496926 0 0 0 
1.14875829850012 0 0 0 
1.04518072289157 0 0 0 
1.03058150971232 0 0 0 
1.11384312761249 0 0 0 
1.0755470863044 0 0 0 
1.02932136710106 0 0 0 
1.12653675928203 0 0 0 
1.13136218342759 0 0 0 
1.07096754364396 0 0 0 
1.04462748955004 0 0 0 
1.14319522989919 0 0 0 
1.05618391935087 0 0 0 
1.03340914679125 0 0 0 
1.11854561101549 0 0 0 
1.09574010327022 0 0 0 
1.04502704696336 0 0 0 
1.08169412343251 0 0 0 
1.07161298254241 0 0 0 
1.12976395377428 0 0 0 
1.03629825424146 0 0 0 
1.14565404475043 0 0 0 
1.11928325547086 0 0 0 
1.01521391689206 0 0 0 
1.08731866240472 0 0 0 
1.07628473075977 0 0 0 
1.17386894516843 0 0 0 
1.00448733710352 0 0 0 
1.09598598475535 0 0 0 
1.17045733956233 0 0 0 
1.06866240472092 0 0 0 
1.07533194000492 0 0 0 
1.15960781903123 0 0 0 
1.08064912712073 0 0 0 
1.03801942463732 0 0 0 
1.14897344479961 0 0 0 
1.1723321858864 0 0 0 
1.09039218096877 0 0 0 
1.12890336857635 0 0 0 
1.13661790017212 0 0 0 
1.1120297516597 0 0 0 
1.11408900909762 0 0 0 
1.13861568723875 0 0 0 
1.1073272682567 0 0 0 
1.01699655765921 0 0 0 
1.06051758052619 0 0 0 
1.08956233095648 0 0 0 
1.04763953774281 0 0 0 
0.991517088763216 0 0 0 
1.08734939759036 0 0 0 
1.00540939267273 0 0 0 
1.07696090484387 0 0 0 
1.07081386771576 0 0 0 
1.05805876567494 0 0 0 
1.02864519301697 0 0 0 
0.989918859109909 0 0 0 
1.1251536759282 0 0 0 
1.11393533316941 0 0 0 
0.99468281288419 0 0 0 
1.10864888123924 0 0 0 
1.11365871649865 0 0 0 
1.11123063683305 0 0 0 
1.05221908040325 0 0 0 
1.07855913449717 0 0 0 
1.10665109417261 0 0 0 
0.985738873862798 0 0 0 
1.09254364396361 0 0 0 
1.0883636587165 0 0 0 
1.0590115564298 0 0 0 
0.995727809195968 0 0 0 
1.07342635849521 0 0 0 
1.02523358741087 0 0 0 
1.0316265060241 0 0 0 
1.03562208015736 0 0 0 
1.11488812392427 0 0 0 
1.07769854929924 0 0 0 
1.05178878780428 0 0 0 
1.04859232849766 0 0 0 
1.11952913695599 0 0 0 
0.969879518072289 0 0 0 
1.03242562085075 0 0 0 
1.12032825178264 0 0 0 
1.0081140890091 0 0 0 
1.0095586427342 0 0 0 
1.09696951069584 0 0 0 
1.02311285960167 0 0 0 
0.986476518318171 0 0 0 
1.05191172854684 0 0 0 
1.06475903614458 0 0 0 
0.979499631177772 0 0 0 
0.998862798131301 0 0 0 
1.01831817064175 0 0 0 
1.04410499139415 0 0 0 
1.05209613966068 0 0 0 
1.06700270469634 0 0 0 
1.06147037128104 0 0 0 
1.01060363904598 0 0 0 
0.997848537005164 0 0 0 
1.03927956724859 0 0 0 
1.08046471600688 0 0 0 
0.990687238750922 0 0 0 
1.02584829112368 0 0 0 
1.05747479714777 0 0 0 
1.03184165232358 0 0 0 
0.977686255224982 0 0 0 
1.0980759773789 0 0 0 
1.04223014507008 0 0 0 
1.00789894270961 0 0 0 
1.07373371035161 0 0 0 
1.06632653061224 0 0 0 
0.985400786820752 0 0 0 
1.0599950823703 0 0 0 
1.02320506515859 0 0 0 
1.10926358495205 0 0 0 
0.969172608802557 0 0 0 
1.07597737890337 0 0 0 
1.08280059011556 0 0 0 
0.985400786820752 0 0 0 
1.02886033931645 0 0 0 
1.03036636341284 0 0 0 
1.0447504302926 0 0 0 
1.04957585443816 0 0 0 
1.0857819031227 0 0 0 
1.05867346938776 0 0 0 
1.01253995574133 0 0 0 
1.02551020408163 0 0 0 
1.08304647160069 0 0 0 
1.04911482665355 0 0 0 
1.00550159822965 0 0 0 
1.08830218834522 0 0 0 
1.09758421440865 0 0 0 
0.987951807228916 0 0 0 
1.04161544135727 0 0 0 
1.12549176297025 0 0 0 
1.02729284484878 0 0 0 
1.02071551512171 0 0 0 
1.09275879026309 0 0 0 
1.13388246865011 0 0 0 
0.9740595033194 0 0 0 
1.06967666584706 0 0 0 
1.05532333415294 0 0 0 
1.04269117285468 0 0 0 
0.958046471600688 0 0 0 
1.05384804524219 0 0 0 
1.1157487091222 0 0 0 
0.96400909761495 0 0 0 
1.03310179493484 0 0 0 
1.08507499385296 0 0 0 
0.989211949840177 0 0 0 
0.974151708876322 0 0 0 
1.10311654782395 0 0 0 
1.05888861568724 0 0 0 
0.971477747725596 0 0 0 
1.06147037128104 0 0 0 
1.08280059011556 0 0 0 
1.03233341529383 0 0 0 
1.04309073026801 0 0 0 
1.11012417014999 0 0 0 
0.98822842389968 0 0 0 
0.984570936808458 0 0 0 
1.06503565281534 0 0 0 
1.05403245635604 0 0 0 
1.03835751167937 0 0 0 
1.0280612244898 0 0 0 
1.09297393656258 0 0 0 
1.06156257683796 0 0 0 
0.974520531104008 0 0 0 
1.06531226948611 0 0 0 
1.09349643471847 0 0 0 
0.976794934841406 0 0 0 
1.04223014507008 0 0 0 
1.09684656995328 0 0 0 
1.03722030981067 0 0 0 
1.02812269486108 0 0 0 
1.06678755839685 0 0 0 
1.07517826407672 0 0 0 
1.01091099090239 0 0 0 
1.01761126137202 0 0 0 
1.125 0 0 0 
1.04684042291615 0 0 0 
0.979438160806491 0 0 0 
1.05781288418982 0 0 0 
1.02378903368576 0 0 0 
1.01358495205311 0 0 0 
1.07493238259159 0 0 0 
1.02443447258421 0 0 0 
1.04763953774281 0 0 0 
1.02255962626014 0 0 0 
1.06525079911483 0 0 0 
1.05778214900418 0 0 0 
1.03940250799115 0 0 0 
0.972830095893779 0 0 0 
1.05378657487091 0 0 0 
1.0210843373494 0 0 0 
1.0108495205311 0 0 0 
1.00977378903369 0 0 0 
1.05326407671502 0 0 0 
1.09159085320875 0 0 0 
0.959675436439636 0 0 0 
1.1215883943939 0 0 0 
1.08197074010327 0 0 0 
1.01232480944185 0 0 0 
1.0627305138923 0 0 0 
1.08476764199656 0 0 0 
1.04284484878289 0 0 0 
0.988105483157118 0 0 0 
1.05984140644209 0 0 0 
1.06033316941234 0 0 0 
1.01456847799361 0 0 0 
1.05919596754364 0 0 0 
1.06208507499385 0 0 0 
1.0789586919105 0 0 0 
1.0189636095402 0 0 0 
1.06045611015491 0 0 0 
1.12795057782149 0 0 0 
0.944369313990656 0 0 0 
1.04806983034178 0 0 0 
1.10182567002705 0 0 0 
0.961611753134989 0 0 0 
1.02317432997295 0 0 0 
1.14147405950332 0 0 0 
1.03783501352348 0 0 0 
1.01407671502336 0 0 0 
1.10216375706909 0 0 0 
1.04075485615933 0 0 0 
1.00879026309319 0 0 0 
1.01158716498648 0 0 0 
1.13523481681829 0 0 0 
1.12346324071797 0 0 0 
0.949563560363905 0 0 0 
1.09524834029998 0 0 0 
1.10446889599213 0 0 0 
1.02760019670519 0 0 0 
1.00396483894763 0 0 0 
1.09617039586919 0 0 0 
1.09810671256454 0 0 0 
0.989304155397099 0 0 0 
1.0755470863044 0 0 0 
1.08983894762724 0 0 0 
0.964193508728793 0 0 0 
1.03599090238505 0 0 0 
1.10366978116548 0 0 0 
1.06466683058766 0 0 0 
1.00024588148512 0 0 0 
1.05735185640521 0 0 0 
1.11491885910991 0 0 0 
1.02640152446521 0 0 0 
1.00273543152201 0 0 0 
1.12103516105237 0 0 0 
0.998555446274895 0 0 0 
0.976241701499877 0 0 0 
1.07819031226949 0 0 0 
1.08888615687239 0 0 0 
1.03682075239734 0 0 0 
1.05864273420211 0 0 0 
1.0681091713794 0 0 0 
1.07760634374232 0 0 0 
0.977809195967544 0 0 0 
1.01158716498648 0 0 0 
1.10597492008852 0 0 0 
1.0210843373494 0 0 0 
1.05535406933858 0 0 0 
1.0862429309073 0 0 0 
0.980913449717236 0 0 0 
1.09721539218097 0 0 0 
1.02163757069093 0 0 0 
1.07345709368085 0 0 0 
1.01392303909516 0 0 0 
1.02677034669289 0 0 0 
1.11206048684534 0 0 0 
1.02876813375953 0 0 0 
0.988996803540693 0 0 0 
1.11599459060733 0 0 0 
1.14313375952791 0 0 0 
1.05818170641751 0 0 0 
1.13950700762233 0 0 0 
1.06383698057536 0 0 0 
1.05701376936317 0 0 0 
1.01810302434227 0 0 0 
1.11375092205557 0 0 0 
1.06863166953528 0 0 0 
1.01109540201623 0 0 0 
1.02295918367347 0 0 0 
1.15100196705188 0 0 0 
1.04542660437669 0 0 0 
0.995420457339562 0 0 0 
1.07726825670027 0 0 0 
1.08402999754119 0 0 0 
0.970248340299975 0 0 0 
1.00623924268503 0 0 0 
1.10296287189575 0 0 0 
1.02056183919351 0 0 0 
0.975135234816818 0 0 0 
1.14845094664372 0 0 0 
1.07019916400295 0 0 0 
0.992101057290386 0 0 0 
1.01035775756086 0 0 0 
1.120297516597 0 0 0 
0 0 0 0 
0.0269854929923777 0 0 0 
0.543551758052619 0 0 0 
0.366885910990902 0 0 0 
0.749016474059503 0 0 0 
0.234970494221785 0 0 0 
1.6791553970986 0 0 0 
2.26309318908286 0 0 0 
1.7631239242685 0 0 0 
1.83655028276371 0 0 0 
1.69778091959675 0 0 0 
1.46062822719449 0 0 0 
1.3208446029014 0 0 0 
1.23672239980329 0 0 0 
2.34438775510204 0 0 0 
1.11393533316941 0 0 0 
0.817279321367101 0 0 0 
1.05194246373248 0 0 0 
1.30289525448734 0 0 0 
1.28113474305385 0 0 0 
1.36279813130071 0 0 0 
1.06070199164003 0 0 0 
1.18250553233342 0 0 0 
1.24960044258667 0 0 0 
1.33885542168675 0 0 0 
1.60775756085567 0 0 0 
2.05873493975904 0 0 0 
1.59613966068355 0 0 0 
1.3570199164003 0 0 0 
1.34574010327022 0 0 0 
1.63972215392181 0 0 0 
2.14377919842636 0 0 0 
1.81033316941234 0 0 0 
1.23032948119007 0 0 0 
1.23389476272437 0 0 0 
1.18868330464716 0 0 0 
1.01567494467667 0 0 0 
0.883759527907549 0 0 0 
0.900510204081633 0 0 0 
1.00630071305631 0 0 0 
3.07975780673715 0 0 0 
7.5249569707401 0 0 0 
4.04379763953774 0 0 0 
2.45020899926236 0 0 0 
3.54969879518072 0 0 0 
4.087380132776 0 0 0 
8.21588394393902 0 0 0 
5.84365011064667 0 0 0 
6.20816941234325 0 0 0 
7.75968158347676 0 0 0 
3.31395992131792 0 0 0 
7.96130440127858 0 0 0 
22.3011740840915 0 0 0 
0.937300221293337 0 0 0 
1.10234816818294 0 0 0 
5.03261003196459 0 0 0 
0.915508974674207 0 0 0 
2.00559380378657 0 0 0 
5.94658224735677 0 0 0 
4.75611630194246 0 0 0 
0.643195229899189 0 0 0 
0.861476518318171 0 0 0 
1.30049791000738 0 0 0 
1.56611138431276 0 0 0 
1.0377735431522 0 0 0 
4.02514138185395 0 0 0 
1.51423039095156 0 0 0 
1.04530366363413 0 0 0 
1.13612613720187 0 0 0 
1.17709613966068 0 0 0 
3.45279075485616 0 0 0 
1.34254364396361 0 0 0 
2.22482788296041 0 0 0 
2.82348782886649 0 0 0 
2.31958446029014 0 0 0 
2.59257437914925 0 0 0 
1.46705188099336 0 0 0 
1.50236660929432 0 0 0 
1.61107696090484 0 0 0 
1.5343619375461 0 0 0 
1.63379026309319 0 0 0 
1.69218711581018 0 0 0 
1.67724981558889 0 0 0 
1.66446397836243 0 0 0 
1.64245758544382 0 0 0 
1.80593803786575 0 0 0 
1.69427710843373 0 0 0 
1.45435824932383 0 0 0 
1.41858249323826 0 0 0 
1.46978731251537 0 0 0 
1.57963486599459 0 0 0 
1.5847983771822 0 0 0 
1.73155888861569 0 0 0 
1.43951315465945 0 0 0 
1.29425866732235 0 0 0 
1.25101426112614 0 0 0 
1.35280919596754 0 0 0 
1.29628718957463 0 0 0 
1.1770346692894 0 0 0 
1.26908655028276 0 0 0 
1.29613351364642 0 0 0 
1.30209613966068 0 0 0 
1.25138308335382 0 0 0 
1.25494836488812 0 0 0 
1.27526432259651 0 0 0 
1.24403737398574 0 0 0 
1.24409884435702 0 0 0 
1.26094172608803 0 0 0 
1.19387755102041 0 0 0 
1.29601057290386 0 0 0 
1.24320752397344 0 0 0 
1.25860585197935 0 0 0 
1.22040201622818 0 0 0 
1.23374108679616 0 0 0 
1.34343496434718 0 0 0 
1.25181337595279 0 0 0 
1.13864642242439 0 0 0 
1.27314359478731 0 0 0 
1.29840791738382 0 0 0 
1.22722522744037 0 0 0 
1.2628165724121 0 0 0 
1.28783501352348 0 0 0 
1.20789279567249 0 0 0 
1.19366240472092 0 0 0 
1.30556921563806 0 0 0 
1.29794688959921 0 0 0 
1.23220432751414 0 0 0 
1.30191172854684 0 0 0 
1.33270838455864 0 0 0 
1.2478792721908 0 0 0 
1.20915293828375 0 0 0 
1.3075670027047 0 0 0 
1.27698549299238 0 0 0 
1.28660560609786 0 0 0 
1.3477686255225 0 0 0 
1.27013154659454 0 0 0 
1.24803294811901 0 0 0 
1.25378042783378 0 0 0 
1.30821244160315 0 0 0 
1.25657732972707 0 0 0 
1.26945537251045 0 0 0 
1.2440066388001 0 0 0 
1.27428079665601 0 0 0 
1.30068232112122 0 0 0 
1.23374108679616 0 0 0 
1.21914187361692 0 0 0 
1.2945967543644 0 0 0 
1.30154290631915 0 0 0 
1.24655765920826 0 0 0 
1.22928448487829 0 0 0 
1.22427464961888 0 0 0 
1.27477255962626 0 0 0 
1.2877735431522 0 0 0 
1.23162035898697 0 0 0 
1.2474182444062 0 0 0 
1.23828989427096 0 0 0 
1.25464101303172 0 0 0 
1.33482911236784 0 0 0 
1.22326038849275 0 0 0 
1.28270223752151 0 0 0 
1.28743545611015 0 0 0 
1.25525571674453 0 0 0 
1.20088517334645 0 0 0 
1.24376075731497 0 0 0 
1.23927342021146 0 0 0 
1.17094910253258 0 0 0 
1.25645438898451 0 0 0 
1.25408777969019 0 0 0 
1.22796287189575 0 0 0 
1.21041308089501 0 0 0 
1.29100073764446 0 0 0 
1.19858003442341 0 0 0 
1.27050036882223 0 0 0 
1.27154536513401 0 0 0 
1.27907548561593 0 0 0 
1.21717482173592 0 0 0 
1.26874846324072 0 0 0 
1.29130808950086 0 0 0 
1.23057536267519 0 0 0 
1.23902753872633 0 0 0 
1.217082616179 0 0 0 
1.30166584706172 0 0 0 
1.21062822719449 0 0 0 
1.23367961642488 0 0 0 
1.27689328743546 0 0 0 
1.24846324071797 0 0 0 
1.25869805753627 0 0 0 
1.24022621096631 0 0 0 
1.290355298746 0 0 0 
1.23036021637571 0 0 0 
1.23813621834276 0 0 0 
1.24815588886157 0 0 0 
1.23128227194492 0 0 0 
1.22808581263831 0 0 0 
1.24686501106467 0 0 0 
1.27452667814114 0 0 0 
1.21213425129088 0 0 0 
1.24652692402262 0 0 0 
1.36239857388739 0 0 0 
1.18656257683796 0 0 0 
1.23420211458077 0 0 0 
1.31687976395377 0 0 0 
1.204942217851 0 0 0 
1.24213179247603 0 0 0 
1.24664986476518 0 0 0 
1.27824563560364 0 0 0 
1.26573641504795 0 0 0 
1.23008359970494 0 0 0 
1.18474920088517 0 0 0 
1.27455741332678 0 0 0 
1.25903614457831 0 0 0 
1.24240840914679 0 0 0 
1.24025694615195 0 0 0 
1.21164248832063 0 0 0 
1.26044996311778 0 0 0 
1.26063437423162 0 0 0 
1.31558888615687 0 0 0 
1.25196705188099 0 0 0 
1.18760757314974 0 0 0 
1.25270469633637 0 0 0 
1.25626997787067 0 0 0 
1.24314605360216 0 0 0 
1.26899434472584 0 0 0 
1.26484509466437 0 0 0 
1.25291984263585 0 0 0 
1.2266412589132 0 0 0 
1.25301204819277 0 0 0 
1.26380009835259 0 0 0 
1.21170395869191 0 0 0 
1.24197811654782 0 0 0 
1.32244283255471 0 0 0 
1.17795672485862 0 0 0 
1.24760265552004 0 0 0 
1.21477747725596 0 0 0 
1.24087164986477 0 0 0 
1.12453897221539 0 0 0 
1.16305015982297 0 0 0 
1.18997418244406 0 0 0 
1.28273297270716 0 0 0 
1.24483648881239 0 0 0 
1.26973198918121 0 0 0 
1.21926481435948 0 0 0 
1.18241332677649 0 0 0 
1.12610646668306 0 0 0 
1.08006515859356 0 0 0 
1.02634005409393 0 0 0 
1.02839931153184 0 0 0 
1.13849274649619 0 0 0 
1.14150479468896 0 0 0 
0.992654290631915 0 0 0 
1.1462380132776 0 0 0 
1.08910130317187 0 0 0 
0.987091222030981 0 0 0 
0.997326038849275 0 0 0 
0.948887386279813 0 0 0 
0.9870297516597 0 0 0 
0.93395008605852 0 0 0 
0.911882222768626 0 0 0 
0.917107204327514 0 0 0 
1.27243668551758 0 0 0 
2.08916277354315 0 0 0 
1.77369682812884 0 0 0 
1.63040939267273 0 0 0 
1.57096754364396 0 0 0 
1.64792844848783 0 0 0 
1.50190558150971 0 0 0 
1.56085566756823 0 0 0 
1.57041431030243 0 0 0 
1.64233464470125 0 0 0 
1.70217605114335 0 0 0 
1.58197074010327 0 0 0 
1.51997787066634 0 0 0 
1.51788787804278 0 0 0 
1.33913203835751 0 0 0 
1.22479714777477 0 0 0 
1.02194492254733 0 0 0 
0.999354561101549 0 0 0 
1.10855667568232 0 0 0 
1.21631423653799 0 0 0 
1.26690435210229 0 0 0 
1.1023174329973 0 0 0 
1.10305507745267 0 0 0 
1.39968035406934 0 0 0 
1.60674329972953 0 0 0 
1.22928448487829 0 0 0 
1.25547086304401 0 0 0 
1.49194738136218 0 0 0 
1.52016228178018 0 0 0 
1.54502704696336 0 0 0 
1.75193631669535 0 0 0 
1.68407302680108 0 0 0 
1.39307228915663 0 0 0 
1.47249200885173 0 0 0 
1.62441603147283 0 0 0 
2.02209859847553 0 0 0 
4.10237890336858 0 0 0 
6.2521207278092 0 0 0 
4.45186869928694 0 0 0 
2.55108187853455 0 0 0 
2.43717728055077 0 0 0 
1.28703589869683 0 0 0 
0.953897221539218 0 0 0 
1.41409515613474 0 0 0 
1.51705802803049 0 0 0 
1.24001106466683 0 0 0 
1.64021391689206 0 0 0 
1.84266658470617 0 0 0 
1.28473075977379 0 0 0 
1.13077821490042 0 0 0 
1.22679493484141 0 0 0 
1.22802434226703 0 0 0 
1.33894762724367 0 0 0 
1.53700516351119 0 0 0 
1.24111753134989 0 0 0 
1.1483587410868 0 0 0 
1.46065896238013 0 0 0 
1.6945537251045 0 0 0 
1.53165724120974 0 0 0 
1.72399803294812 0 0 0 
1.67374600442587 0 0 0 
1.25362675190558 0 0 0 
1.18554831571183 0 0 0 
1.54041676911729 0 0 0 
1.55925743791493 0 0 0 
1.54889968035407 0 0 0 
1.43130686009343 0 0 0 
1.21705188099336 0 0 0 
1.2937669043521 0 0 0 
1.26257069092697 0 0 0 
1.23773666092943 0 0 0 
1.41781411359725 0 0 0 
1.40392180968773 0 0 0 
1.21631423653799 0 0 0 
1.5119867223998 0 0 0 
2.59174452913696 0 0 0 
5.37804278337841 0 0 0 
6.48770592574379 0 0 0 
4.35674329972953 0 0 0 
2.35099582001475 0 0 0 
1.34475657732973 0 0 0 
1.02102286697812 0 0 0 
0.820014752889107 0 0 0 
0.918459552495697 0 0 0 
1.32059872141628 0 0 0 
1.43198303417753 0 0 0 
1.24207032210475 0 0 0 
1.23389476272437 0 0 0 
1.35001229407426 0 0 0 
1.48752151462995 0 0 0 
2.24542045733956 0 0 0 
3.01466068355053 0 0 0 
2.03045856896976 0 0 0 
1.23189697565773 0 0 0 
1.13658716498648 0 0 0 
0.894547578067372 0 0 0 
0.728331694123432 0 0 0 
0.941080649127121 0 0 0 
1.39405581509712 0 0 0 
1.13578805015982 0 0 0 
1.00937423162036 0 0 0 
1.17986230636833 0 0 0 
1.25101426112614 0 0 0 
1.26447627243669 0 0 0 
1.52206786328989 0 0 0 
1.52710843373494 0 0 0 
1.42937054339808 0 0 0 
1.66166707646914 0 0 0 
1.4139107450209 0 0 0 
1.15699532825178 0 0 0 
1.15180108187853 0 0 0 
1.25872879272191 0 0 0 
1.25792967789525 0 0 0 
1.27818416523236 0 0 0 
1.49468281288419 0 0 0 
1.35222522744037 0 0 0 
1.38833907056799 0 0 0 
1.61897590361446 0 0 0 
1.62121957216622 0 0 0 
1.81294566019179 0 0 0 
2.254702483403 0 0 0 
2.47568846815835 0 0 0 
2.38661790017212 0 0 0 
2.6154413572658 0 0 0 
3.81709491025326 0 0 0 
4.61012417014999 0 0 0 
4.39488566510942 0 0 0 
3.52763093189083 0 0 0 
2.61756208507499 0 0 0 
1.99803294811901 0 0 0 
1.63053233341529 0 0 0 
1.323272682567 0 0 0 
1.11476518318171 0 0 0 
0.926727317432997 0 0 0 
1.03254856159331 0 0 0 
1.18508728792722 0 0 0 
1.29714777477256 0 0 0 
1.77019301696582 0 0 0 
1.07161298254241 0 0 0 
1.10099582001475 0 0 0 
1.55477010081141 0 0 0 
1.54871526924023 0 0 0 
1.79690189328744 0 0 0 
2.07760634374232 0 0 0 
1.76223260388493 0 0 0 
1.84546348659946 0 0 0 
2.04677895254487 0 0 0 
2.00820629456602 0 0 0 
1.62312515367593 0 0 0 
1.29711703958692 0 0 0 
1.11150725350381 0 0 0 
1.20601794934841 0 0 0 
1.33535161052373 0 0 0 
1.20389722153922 0 0 0 
1.17128718957463 0 0 0 
1.40604253749693 0 0 0 
1.49323825915909 0 0 0 
1.65186255224982 0 0 0 
1.59023850504057 0 0 0 
1.23527784607819 0 0 0 
1.07158224735677 0 0 0 
1.34217482173592 0 0 0 
1.39666830587657 0 0 0 
1.3998032948119 0 0 0 
1.53430046717482 0 0 0 
1.16381853946398 0 0 0 
0.888277600196705 0 0 0 
0.992008851733464 0 0 0 
0.912251044996312 0 0 0 
0.939974182444062 0 0 0 
1.15797885419228 0 0 0 
1.3657487091222 0 0 0 
1.092082616179 0 0 0 
2.31362183427588 0 0 0 
7.10366978116548 0 0 0 
9.92291615441357 0 0 0 
9.47012539955741 0 0 0 
5.19320137693632 0 0 0 
17.1741762970248 0 0 0 
53.8807782149004 0 0 0 
74.2518133759528 0 0 0 
41.6750368822228 0 0 0 
9.34850626997787 0 0 0 
2.76530612244898 0 0 0 
2.12297147774773 0 0 0 
1.51604376690435 0 0 0 
1.54926850258176 0 0 0 
1.33633513646422 0 0 0 
1.66308089500861 0 0 0 
1.34629333661175 0 0 0 
1.91824440619621 0 0 0 
1.37469264814359 0 0 0 
1.6264445537251 0 0 0 
1.65339931153184 0 0 0 
1.29936070813868 0 0 0 
1.47701008114089 0 0 0 
1.72900786820752 0 0 0 
1.37251044996312 0 0 0 
1.30006761740841 0 0 0 
1.53703589869683 0 0 0 
1.86869928694369 0 0 0 
1.61252151462995 0 0 0 
1.86107696090484 0 0 0 
2.54545733956233 0 0 0 
1.5969387755102 0 0 0 
1.61614826653553 0 0 0 
3.07109048438653 0 0 0 
2.0025817555938 0 0 0 
1.43477993607081 0 0 0 
2.64347184656995 0 0 0 
3.49342267027293 0 0 0 
1.71987951807229 0 0 0 
1.97338332923531 0 0 0 
2.59638554216867 0 0 0 
1.6177157610032 0 0 0 
1.77388123924269 0 0 0 
2.94406196213425 0 0 0 
2.18733095647898 0 0 0 
2.01512171133514 0 0 0 
2.39728300958938 0 0 0 
1.83126383083354 0 0 0 
1.41784484878289 0 0 0 
1.6201438406688 0 0 0 
1.51779567248586 0 0 0 
1.20128473075977 0 0 0 
1.40173961150725 0 0 0 
1.75245881485124 0 0 0 
1.54963732480944 0 0 0 
2.0213916892058 0 0 0 
1.37005163511188 0 0 0 
1.30713671010573 0 0 0 
2.96462380132776 0 0 0 
4.15877796901893 0 0 0 
2.90161667076469 0 0 0 
4.46754364396361 0 0 0 
5.52864519301697 0 0 0 
3.26278583722646 0 0 0 
2.10920211458077 0 0 0 
2.10268625522498 0 0 0 
1.90819400049176 0 0 0 
1.52799975411851 0 0 0 
1.58827145315958 0 0 0 
1.66529382837472 0 0 0 
1.4868760757315 0 0 0 
1.52403491517089 0 0 0 
1.55713671010573 0 0 0 
1.34097614949594 0 0 0 
1.46932628473076 0 0 0 
1.7242131792476 0 0 0 
1.5839685271699 0 0 0 
1.42110277846078 0 0 0 
1.61811531841652 0 0 0 
1.68895992131792 0 0 0 
1.49480575362675 0 0 0 
1.46840422916154 0 0 0 
1.69977870666339 0 0 0 
1.54210720432751 0 0 0 
1.45998278829604 0 0 0 
1.63077821490042 0 0 0 
1.70008605851979 0 0 0 
1.64556183919351 0 0 0 
1.81150110646668 0 0 0 
1.70076223260388 0 0 0 
1.61439636095402 0 0 0 
1.64067494467667 0 0 0 
1.50175190558151 0 0 0 
1.63929186132284 0 0 0 
1.70122326038849 0 0 0 
1.47381362183428 0 0 0 
1.52557167445291 0 0 0 
1.77003934103762 0 0 0 
1.51939390213917 0 0 0 
1.48254241455618 0 0 0 
1.58747233833292 0 0 0 
1.5601487582985 0 0 0 
1.48284976641259 0 0 0 
1.63163880009835 0 0 0 
1.67125645438898 0 0 0 
1.54899188591099 0 0 0 
1.60837226456848 0 0 0 
1.70973690681092 0 0 0 
1.55984140644209 0 0 0 
1.47949963117777 0 0 0 
1.57760634374232 0 0 0 
1.53737398573887 0 0 0 
1.37453897221539 0 0 0 
1.54158470617163 0 0 0 
1.71462380132776 0 0 0 
1.67568232112122 0 0 0 
1.61396606835505 0 0 0 
1.70601794934841 0 0 0 
1.69304770100811 0 0 0 
1.64780550774527 0 0 0 
1.50046102778461 0 0 0 
1.87481558888616 0 0 0 
1.77864519301697 0 0 0 
1.26561347430538 0 0 0 
1.52735431522006 0 0 0 
1.86501106466683 0 0 0 
1.6086181460536 0 0 0 
1.4988627981313 0 0 0 
1.75753012048193 0 0 0 
1.60345463486599 0 0 0 
1.58326161790017 0 0 0 
1.72289156626506 0 0 0 
1.71944922547332 0 0 0 
1.67598967297762 0 0 0 
1.75208999262356 0 0 0 
1.82480944184903 0 0 0 
1.79948364888124 0 0 0 
1.57603884927465 0 0 0 
1.66670764691419 0 0 0 
1.74462134251291 0 0 0 
1.65023358741087 0 0 0 
1.67479100073764 0 0 0 
1.76641258913204 0 0 0 
1.69639783624293 0 0 0 
1.58759527907549 0 0 0 
1.87463117777231 0 0 0 
1.77040816326531 0 0 0 
1.50762232603885 0 0 0 
1.6358495205311 0 0 0 
1.78980206540448 0 0 0 
1.66000737644455 0 0 0 
1.67310056552742 0 0 0 
1.87939513154659 0 0 0 
1.63778583722646 0 0 0 
1.55492377673961 0 0 0 
1.79299852471109 0 0 0 
1.74791000737644 0 0 0 
1.69320137693632 0 0 0 
1.57563929186132 0 0 0 
1.69237152692402 0 0 0 
1.64085935579051 0 0 0 
1.54275264322597 0 0 0 
1.65917752643226 0 0 0 
1.6604991394148 0 0 0 
1.70820014752889 0 0 0 
1.63019424637325 0 0 0 
1.69283255470863 0 0 0 
1.62082001475289 0 0 0 
1.57459429554955 0 0 0 
1.70165355298746 0 0 0 
1.66772190804032 0 0 0 
1.67764937300221 0 0 0 
1.62874969264814 0 0 0 
1.66440250799115 0 0 0 
1.69790386033932 0 0 0 
1.6345586427342 0 0 0 
1.55228055077453 0 0 0 
1.56435947873125 0 0 0 
1.61654782394886 0 0 0 
1.57551635111876 0 0 0 
1.54868453405459 0 0 0 
1.6695967543644 0 0 0 
1.58725719203344 0 0 0 
1.50036882222769 0 0 0 
1.5763769363167 0 0 0 
1.68843742316204 0 0 0 
1.54296778952545 0 0 0 
1.6770346692894 0 0 0 
1.69483034177526 0 0 0 
1.70660191787558 0 0 0 
1.60560609786083 0 0 0 
1.66999631177772 0 0 0 
1.69043521022867 0 0 0 
1.52292844848783 0 0 0 
1.54684042291615 0 0 0 
1.61682444061962 0 0 0 
1.74978485370052 0 0 0 
1.69968650110647 0 0 0 
1.70478854192279 0 0 0 
1.73758298500123 0 0 0 
1.68195229899189 0 0 0 
1.53396238013278 0 0 0 
1.69652077698549 0 0 0 
1.81983034177526 0 0 0 
1.60434595524957 0 0 0 
1.61166092943201 0 0 0 
1.71686746987952 0 0 0 
1.60741947381362 0 0 0 
1.51472215392181 0 0 0 
1.65994590607327 0 0 0 
1.6462380132776 0 0 0 
1.55194246373248 0 0 0 
1.61648635357758 0 0 0 
1.84530981067126 0 0 0 
1.63483525940497 0 0 0 
1.50224366855176 0 0 0 
1.67645070076223 0 0 0 
1.71302557167445 0 0 0 
1.58584337349398 0 0 0 
1.63594172608803 0 0 0 
1.70574133267765 0 0 0 
1.67008851733464 0 0 0 
1.59629333661175 0 0 0 
1.57751413818539 0 0 0 
1.50660806491271 0 0 0 
1.70346692894025 0 0 0 
1.6403983280059 0 0 0 
1.63993730022129 0 0 0 
1.5575670027047 0 0 0 
1.63606466683059 0 0 0 
1.403214900418 0 0 0 
1.39826653552987 0 0 0 
1.5895008605852 0 0 0 
1.78479223014507 0 0 0 
1.63339070567986 0 0 0 
1.56654167691173 0 0 0 
2.24708015736415 0 0 0 
2.61264445537251 0 0 0 
1.64562330956479 0 0 0 
2.02667814113597 0 0 0 
3.33255470863044 0 0 0 
2.78743545611015 0 0 0 
2.67629702483403 0 0 0 
4.53417752643226 0 0 0 
11.0984140644209 0 0 0 
36.8464777477256 0 0 0 
60.4810363904598 0 0 0 
8.35572903860339 0 0 0 
3.70635603639046 0 0 0 
2.48300344234079 0 0 0 
1.143809933612 0 0 0 
0.54837718219818 0 0 0 
0.371219572166216 0 0 0 
0.363996803540693 0 0 0 
0.566726088025572 0 0 0 
0.794012785837226 0 0 0 
1.15315343004672 0 0 0 
1.1345586427342 0 0 0 
1.04662527661667 0 0 0 
1.34924391443324 0 0 0 
1.29699409884436 0 0 0 
1.4161851487583 0 0 0 
1.64334890582739 0 0 0 
1.61408900909762 0 0 0 
1.46167322350627 0 0 0 
1.50328866486354 0 0 0 
1.74523604622572 0 0 0 
1.73386402753873 0 0 0 
2.221785099582 0 0 0 
2.07742193262847 0 0 0 
2.29093926727317 0 0 0 
3.29711703958692 0 0 0 
5.16431030243423 0 0 0 
9.33691910499139 0 0 0 
11.8642426850258 0 0 0 
6.38778583722646 0 0 0 
1.58387632161298 0 0 0 
1.22350626997787 0 0 0 
1.37211089254979 0 0 0 
3.06411359724613 0 0 0 
1.87715146299484 0 0 0 
2.2619867223998 0 0 0 
1.36021637570691 0 0 0 
1.1613289894271 0 0 0 
1.09755347922301 0 0 0 
1.01884066879764 0 0 0 
0.658716498647652 0 0 0 
3.69821121219572 0 0 0 
3.97836242930907 0 0 0 
1.55289525448734 0 0 0 
1.83470617162528 0 0 0 
1.31657241209737 0 0 0 
1.63624907794443 0 0 0 
1.95472707155151 0 0 0 
1.50359601671994 0 0 0 
0.961242930907303 0 0 0 
1.2443139906565 0 0 0 
1.48195844602901 0 0 0 
1.04189205802803 0 0 0 
0.980483157118269 0 0 0 
1.19572166215884 0 0 0 
0.99821735923285 0 0 0 
1.07265797885419 0 0 0 
1.03506884681583 0 0 0 
1.25817555938038 0 0 0 
1.60628227194492 0 0 0 
1.5731190066388 0 0 0 
1.08568969756577 0 0 0 
0.98466314236538 0 0 0 
0.843680845832309 0 0 0 
1.37469264814359 0 0 0 
1.60244037373986 0 0 0 
1.13369805753627 0 0 0 
1.19138800098353 0 0 0 
1.30135849520531 0 0 0 
1.26229407425621 0 0 0 
1.71311777723137 0 0 0 
1.65358372264568 0 0 0 
1.82788296041308 0 0 0 
1.53525325792968 0 0 0 
2.09869068109171 0 0 0 
1.49406810917138 0 0 0 
1.0001536759282 0 0 0 
1.50359601671994 0 0 0 
1.32628473075977 0 0 0 
1.34073026801082 0 0 0 
1.34487951807229 0 0 0 
1.13105483157118 0 0 0 
1.26392303909516 0 0 0 
1.47077083845586 0 0 0 
1.50962011310548 0 0 0 
1.29739365625768 0 0 0 
1.56740226210966 0 0 0 
1.46883452176051 0 0 0 
1.8915355298746 0 0 0 
1.46794320137694 0 0 0 
1.5624231620359 0 0 0 
1.6224182444062 0 0 0 
1.7736660929432 0 0 0 
1.70432751413819 0 0 0 
2.02043889845095 0 0 0 
1.67933980821244 0 0 0 
1.26247848537005 0 0 0 
1.10855667568232 0 0 0 
1.05781288418982 0 0 0 
1.09829112367839 0 0 0 
1.11037005163511 0 0 0 
1.08719572166216 0 0 0 
1.35981681829358 0 0 0 
1.44169535283993 0 0 0 
1.54579542660438 0 0 0 
1.46566879763954 0 0 0 
1.14636095402016 0 0 0 
1.11212195721662 0 0 0 
1.25749938529629 0 0 0 
1.235892549791 0 0 0 
1.04591836734694 0 0 0 
0.906472830095894 0 0 0 
0.999108679616425 0 0 0 
1.15087902630932 0 0 0 
1.01791861322842 0 0 0 
1.05200393410376 0 0 0 
0.962072780919597 0 0 0 
1.09672362921072 0 0 0 
1.02529505778215 0 0 0 
1.0697074010327 0 0 0 
1.19784238996804 0 0 0 
1.21431644947135 0 0 0 
1.15303048930416 0 0 0 
1.1475288910745 0 0 0 
1.184165232358 0 0 0 
1.07742193262847 0 0 0 
1.01595156134743 0 0 0 
1.22264568477994 0 0 0 
1.198272682567 0 0 0 
1.20306737152692 0 0 0 
1.24843250553233 0 0 0 
1.04889968035407 0 0 0 
1.18837595279075 0 0 0 
1.28187238750922 0 0 0 
1.22522744037374 0 0 0 
1.19676665847062 0 0 0 
1.32437914925006 0 0 0 
1.24234693877551 0 0 0 
1.30031349889353 0 0 0 
1.25153675928203 0 0 0 
0.848844357019916 0 0 0 
1.22759404966806 0 0 0 
1.7018379641013 0 0 0 
1.31432874354561 0 0 0 
1.23334152938284 0 0 0 
1.40524342267027 0 0 0 
1.18997418244406 0 0 0 
1.42350012294074 0 0 0 
1.42989304155397 0 0 0 
1.19913326776494 0 0 0 
1.22842389968035 0 0 0 
1.2145008605852 0 0 0 
1.23146668305877 0 0 0 
1.30132776001967 0 0 0 
1.27618637816572 0 0 0 
1.34149864765183 0 0 0 
1.14826653552987 0 0 0 
1.32480944184903 0 0 0 
1.47522744037374 0 0 0 
1.58089500860585 0 0 0 
1.70491148266536 0 0 0 
1.74695721662159 0 0 0 
2.09029997541185 0 0 0 
1.96987951807229 0 0 0 
2.11617900172117 0 0 0 
3.81125522498156 0 0 0 
2.82582370297517 0 0 0 
1.75835997049422 0 0 0 
1.329942217851 0 0 0 
1.74459060732727 0 0 0 
1.98509343496435 0 0 0 
2.31869313990657 0 0 0 
2.71508482911237 0 0 0 
2.40770223752151 0 0 0 
1.70595647897713 0 0 0 
1.31211581017949 0 0 0 
1.28894148020654 0 0 0 
1.34149864765183 0 0 0 
1.44123432505532 0 0 0 
3.60935579050897 0 0 0 
3.54511925252029 0 0 0 
2.80307966560118 0 0 0 
2.37373985738874 0 0 0 
1.73669166461765 0 0 0 
1.56780181952299 0 0 0 
1.53808089500861 0 0 0 
1.87576837964101 0 0 0 
1.82487091222031 0 0 0 
2.10723506269978 0 0 0 
1.94037373985739 0 0 0 
2.31313007130563 0 0 0 
2.13824686501106 0 0 0 
2.0684165232358 0 0 0 
2.46348659945906 0 0 0 
2.03088886156872 0 0 0 
1.7324809441849 0 0 0 
2.09202114580772 0 0 0 
1.97507376444554 0 0 0 
1.7204942217851 0 0 0 
2.05292598967298 0 0 0 
2.42411482665355 0 0 0 
2.27861445783133 0 0 0 
2.7462810425375 0 0 0 
3.63747848537005 0 0 0 
3.7733587410868 0 0 0 
5.06349889353332 0 0 0 
8.47906933857881 0 0 0 
10.6752827637079 0 0 0 
11.7310671256454 0 0 0 
7.75178264076715 0 0 0 
6.84199041062208 0 0 0 
5.48537005163511 0 0 0 
4.55197319891812 0 0 0 
5.25952790754856 0 0 0 
4.23782886648635 0 0 0 
4.35609786083108 0 0 0 
4.53602163757069 0 0 0 
6.07044504548808 0 0 0 
6.66191295795427 0 0 0 
4.2110892549791 0 0 0 
3.95377428079666 0 0 0 
3.72701008114089 0 0 0 
3.5909454143103 0 0 0 
3.29410499139415 0 0 0 
4.01831817064175 0 0 0 
4.55298746004426 0 0 0 
4.10394639783624 0 0 0 
4.88849274649619 0 0 0 
4.51229407425621 0 0 0 
3.10330095893779 0 0 0 
2.99557413326776 0 0 0 
2.10210228669781 0 0 0 
1.98644578313253 0 0 0 
2.00430292598967 0 0 0 
2.528214900418 0 0 0 
5.94329358249324 0 0 0 
5.65161667076469 0 0 0 
6.33467543643964 0 0 0 
6.49495942955495 0 0 0 
5.1663388246865 0 0 0 
2.56319154167691 0 0 0 
2.67835628227194 0 0 0 
2.30609171379395 0 0 0 
2.4646545365134 0 0 0 
2.67761863781657 0 0 0 
4.80354069338579 0 0 0 
5.35250184411114 0 0 0 
5.30470863044013 0 0 0 
5.55151217113351 0 0 0 
3.60136464224244 0 0 0 
2.3795488074748 0 0 0 
2.71139660683551 0 0 0 
3.04745512662896 0 0 0 
2.99477501844111 0 0 0 
3.95383575116794 0 0 0 
10.4054893041554 0 0 0 
11.2568846815835 0 0 0 
6.83384558642734 0 0 0 
5.54438160806491 0 0 0 
6.62961027784608 0 0 0 
6.4494098844357 0 0 0 
5.95561839193509 0 0 0 
5.30135849520531 0 0 0 
3.50968158347676 0 0 0 
1.29597983771822 0 0 0 
3.28596016719941 0 0 0 
4.33194000491763 0 0 0 
6.2866363412835 0 0 0 
7.0461949840177 0 0 0 
7.52031595770838 0 0 0 
7.2005470863044 0 0 0 
8.40536636341283 0 0 0 
8.78884927464962 0 0 0 
7.23601549053356 0 0 0 
4.41971969510696 0 0 0 
2.22273789033686 0 0 0 
1.38256085566757 0 0 0 
1.12220309810671 0 0 0 
1.4246065896238 0 0 0 
3.29551880993361 0 0 0 
4.34749200885173 0 0 0 
3.25193631669535 0 0 0 
2.15533562822719 0 0 0 
3.28027415785591 0 0 0 
4.80578436193755 0 0 0 
5.92159454143103 0 0 0 
10.0604561101549 0 0 0 
9.62933366117531 0 0 0 
7.56220801573641 0 0 0 
4.12573764445537 0 0 0 
2.59358864027539 0 0 0 
3.16384927464962 0 0 0 
4.65395254487337 0 0 0 
3.89762109663142 0 0 0 
2.3573272682567 0 0 0 
1.9117900172117 0 0 0 
1.53765060240964 0 0 0 
1.35864888123924 0 0 0 
1.18474920088517 0 0 0 
1.01939390213917 0 0 0 
1.0342082616179 0 0 0 
0.996803540693386 0 0 0 
0.913726333907057 0 0 0 
1.05095893779198 0 0 0 
1.93056921563806 0 0 0 
2.67967789525449 0 0 0 
1.56168551758053 0 0 0 
0.835904843865257 0 0 0 
1.4163388246865 0 0 0 
2.26579788541923 0 0 0 
2.3313867715761 0 0 0 
1.3724182444062 0 0 0 
0.744436931399066 0 0 0 
1.02747725596263 0 0 0 
0.945445045488075 0 0 0 
0.776032702237522 0 0 0 
0.684441849028768 0 0 0 
0.796194984017704 0 0 0 
0.725596262601426 0 0 0 
0.853300958937792 0 0 0 
1.07164371772806 0 0 0 
1.23533931644947 0 0 0 
1.44077329727072 0 0 0 
1.52209859847553 0 0 0 
1.57868207523973 0 0 0 
4.1770346692894 0 0 0 
4.18868330464716 0 0 0 
3.86820752397345 0 0 0 
3.52916769117285 0 0 0 
2.70580280304893 0 0 0 
2.89774403737399 0 0 0 
4.16172854684042 0 0 0 
5.97150848291124 0 0 0 
5.09826038849275 0 0 0 
3.40868576346201 0 0 0 
4.12536882222769 0 0 0 
1.98638431276125 0 0 0 
4.21376321612983 0 0 0 
6.4302925989673 0 0 0 
5.90598106712565 0 0 0 
4.51447627243669 0 0 0 
3.07754487337104 0 0 0 
3.15687238750922 0 0 0 
3.70162281780182 0 0 0 
3.84952053110401 0 0 0 
5.72086304401279 0 0 0 
7.09862921072043 0 0 0 
7.34285099582002 0 0 0 
6.31073272682567 0 0 0 
3.9171686746988 0 0 0 
1.64974182444062 0 0 0 
2.58538234570937 0 0 0 
3.30437054339808 0 0 0 
3.26890213916892 0 0 0 
2.17924760265552 0 0 0 
1.52157610031965 0 0 0 
2.46115072535038 0 0 0 
2.71302557167445 0 0 0 
1.77418859109909 0 0 0 
3.13154659454143 0 0 0 
5.55289525448734 0 0 0 
5.62558396852717 0 0 0 
3.74677280550775 0 0 0 
2.09715392180969 0 0 0 
1.6830280304893 0 0 0 
3.67887878042783 0 0 0 
3.75224366855176 0 0 0 
4.32419473813622 0 0 0 
4.3630132776002 0 0 0 
2.40917752643226 0 0 0 
4.45171502335874 0 0 0 
5.94135726579789 0 0 0 
6.07905089746742 0 0 0 
4.26278583722646 0 0 0 
2.22882345709368 0 0 0 
1.54524219326285 0 0 0 
1.30329481190066 0 0 0 
1.39636095402016 0 0 0 
1.65555077452668 0 0 0 
2.30599950823703 0 0 0 
3.45764691418736 0 0 0 
1.43570199164003 0 0 0 
1.37441603147283 0 0 0 
1.25860585197935 0 0 0 
2.30191172854684 0 0 0 
1.3526247848537 0 0 0 
1.27784607819031 0 0 0 
1.3209982788296 0 0 0 
1.37186501106467 0 0 0 
1.16557044504549 0 0 0 
1.23398696828129 0 0 0 
1.2512908777969 0 0 0 
1.14823580034423 0 0 0 
1.27077698549299 0 0 0 
0.695229899188591 0 0 0 
0.405796656011802 0 0 0 
0.337226456847799 0 0 0 
0.375092205556922 0 0 0 
0.437699778706663 0 0 0 
0.506638800098353 0 0 0 
0.681183919350873 0 0 0 
0.741394148020654 0 0 0 
0.825823702975166 0 0 0 
0.822565773297271 0 0 0 
0.938959921317925 0 0 0 
0.892150233587411 0 0 0 
0.862582985001229 0 0 0 
0.912404720924514 0 0 0 
0.909976641258913 0 0 0 
0.855237275633145 0 0 0 
0.756761740840915 0 0 0 
0.764076715023359 0 0 0 
0.71754364396361 0 0 0 
0.781749446766658 0 0 0 
0.774588148512417 0 0 0 
0.775633144824195 0 0 0 
0.770193016965822 0 0 0 
0.881669535283993 0 0 0 
0.945076223260389 0 0 0 
0.977839931153184 0 0 0 
1.11488812392427 0 0 0 
1.01761126137202 0 0 0 
1.04435087287927 0 0 0 
1.03365502827637 0 0 0 
1.08424514384067 0 0 0 
1.04886894516843 0 0 0 
1.07511679370543 0 0 0 
1.09183673469388 0 0 0 
1.28817310056553 0 0 0 
3.06522006392919 0 0 0 
1.12641381853946 0 0 0 
1.24929309073027 0 0 0 
1.93164494713548 0 0 0 
1.23663019424637 0 0 0 
1.17134865994591 0 0 0 
1.70460413080895 0 0 0 
1.2226149495943 0 0 0 
1.15189328743546 0 0 0 
1.29641013031719 0 0 0 
1.15573518564052 0 0 0 
1.16234325055323 0 0 0 
1.134404966806 0 0 0 
1.09675436439636 0 0 0 
1.0953405458569 0 0 0 
1.0836611753135 0 0 0 
1.13375952790755 0 0 0 
1.06577329727072 0 0 0 
1.11310548315712 0 0 0 
1.0342082616179 0 0 0 
1.19738136218343 0 0 0 
1.10591344971724 0 0 0 
0.994559872141628 0 0 0 
1.13821612982542 0 0 0 
1.13151585935579 0 0 0 
1.02474182444062 0 0 0 
1.08682689943447 0 0 0 
1.1214347184657 0 0 0 
1.0953405458569 0 0 0 
1.0283685763462 0 0 0 
1.10078067371527 0 0 0 
1.05360216375707 0 0 0 
1.06651094172609 0 0 0 
1.08227809195968 0 0 0 
1.1096016719941 0 0 0 
1.08089500860585 0 0 0 
1.04708630440128 0 0 0 
1.07394885665109 0 0 0 
1.14528522252274 0 0 0 
1.02879886894517 0 0 0 
1.03359355790509 0 0 0 
