1.18570199164003 0 0 0 
1.09598598475535 0 0 0 
1.12810425374969 0 0 0 
1.24956970740103 0 0 0 
1.08565896238013 0 0 0 
1.06989181214655 0 0 0 
1.23967297762478 0 0 0 
1.21505409392673 0 0 0 
1.08670395869191 0 0 0 
1.17220924514384 0 0 0 
1.16040693385788 0 0 0 
1.11242930907303 0 0 0 
1.10969387755102 0 0 0 
1.23152815343005 0 0 0 
1.1460843373494 0 0 0 
1.06011802311286 0 0 0 
1.15899311531842 0 0 0 
1.24176297024834 0 0 0 
1.07748340299975 0 0 0 
1.09242070322105 0 0 0 
1.18813007130563 0 0 0 
1.19522989918859 0 0 0 
1.06684902876813 0 0 0 
1.13818539463978 0 0 0 
1.21944922547332 0 0 0 
1.07785222522744 0 0 0 
1.10400786820752 0 0 0 
1.21978731251537 0 0 0 
1.13093189082862 0 0 0 
1.05944184902877 0 0 0 
1.15253872633391 0 0 0 
1.22587287927219 0 0 0 
1.1204511925252 0 0 0 
1.0990595033194 0 0 0 
1.2182198180477 0 0 0 
1.1496496188837 0 0 0 
1.10225596262601 0 0 0 
1.16723014507008 0 0 0 
1.20082370297517 0 0 0 
1.1001967051881 0 0 0 
1.13019424637325 0 0 0 
1.25338087042046 0 0 0 
1.07892795672486 0 0 0 
1.09540201622818 0 0 0 
1.18739242685026 0 0 0 
1.1898512417015 0 0 0 
1.09515613474305 0 0 0 
1.07825178264077 0 0 0 
1.18001598229653 0 0 0 
1.17220924514384 0 0 0 
1.09669289402508 0 0 0 
1.1378165724121 0 0 0 
1.22200024588149 0 0 0 
1.12496926481436 0 0 0 
1.10705065158594 0 0 0 
1.25915908532088 0 0 0 
1.18139906565036 0 0 0 
1.08114089009098 0 0 0 
1.15164740595033 0 0 0 
1.24081017949348 0 0 0 
1.09635480698303 0 0 0 
1.08264691418736 0 0 0 
1.20832308827145 0 0 0 
1.13618760757315 0 0 0 
1.09401893287435 0 0 0 
1.21569953282518 0 0 0 
1.12810425374969 0 0 0 
1.08501352348168 0 0 0 
1.12226456847799 0 0 0 
1.24459060732727 0 0 0 
1.12964101303172 0 0 0 
1.08046471600688 0 0 0 
1.18517949348414 0 0 0 
1.24200885173346 0 0 0 
1.09469510695845 0 0 0 
1.11756208507499 0 0 0 
1.24560486845341 0 0 0 
1.08824071797394 0 0 0 
1.09036144578313 0 0 0 
1.20355913449717 0 0 0 
1.19006638800098 0 0 0 
1.03749692648144 0 0 0 
1.14528522252274 0 0 0 
1.26134128350135 0 0 0 
1.10139537742808 0 0 0 
1.08688836980575 0 0 0 
1.19304770100811 0 0 0 
1.24898573887386 0 0 0 
1.07834398819769 0 0 0 
1.10864888123924 0 0 0 
1.22378288664864 0 0 0 
1.08390705679862 0 0 0 
1.11279813130071 0 0 0 
1.21330218834522 0 0 0 
1.20758544381608 0 0 0 
1.04616424883206 0 0 0 
1.13806245389722 0 0 0 
1.2545488074748 0 0 0 
1.13572657978854 0 0 0 
1.07330341775264 0 0 0 
1.23970371281043 0 0 0 
1.15647283009589 0 0 0 
1.07318047701008 0 0 0 
1.14202729284485 0 0 0 
1.20020899926236 0 0 0 
1.09832185886403 0 0 0 
1.11676297024834 0 0 0 
1.22350626997787 0 0 0 
1.19381608064913 0 0 0 
1.05919596754364 0 0 0 
1.14175067617408 0 0 0 
1.24726456847799 0 0 0 
1.08977747725596 0 0 0 
1.08049545119253 0 0 0 
1.21194984017703 0 0 0 
1.13883083353823 0 0 0 
1.06454388984509 0 0 0 
1.16941234325055 0 0 0 
1.24542045733956 0 0 0 
1.08943939021392 0 0 0 
1.10671256454389 0 0 0 
1.22396729776248 0 0 0 
1.14233464470125 0 0 0 
1.08055692156381 0 0 0 
1.16446397836243 0 0 0 
1.22968404229162 0 0 0 
1.11912957954266 0 0 0 
1.11541062208016 0 0 0 
1.18016965822474 0 0 0 
1.12582985001229 0 0 0 
1.11608679616425 0 0 0 
1.16369559872142 0 0 0 
1.22501229407426 0 0 0 
1.08658101794935 0 0 0 
1.11119990164741 0 0 0 
1.23896606835505 0 0 0 
1.15155520039341 0 0 0 
1.05071305630686 0 0 0 
1.18229038603393 0 0 0 
1.18047701008114 0 0 0 
1.09008482911237 0 0 0 
1.1356958446029 0 0 0 
1.24603516105237 0 0 0 
1.1447934595525 0 0 0 
1.07087533808704 0 0 0 
1.15733341529383 0 0 0 
1.23042168674699 0 0 0 
1.09764568477994 0 0 0 
1.11891443324318 0 0 0 
1.22092451438407 0 0 0 
1.11249077944431 0 0 0 
1.07779075485616 0 0 0 
1.21883452176051 0 0 0 
1.16667691172855 0 0 0 
1.05304893041554 0 0 0 
1.11156872387509 0 0 0 
1.24397590361446 0 0 0 
1.09404966806 0 0 0 
1.07253503811163 0 0 0 
1.18668551758053 0 0 0 
1.18496434718466 0 0 0 
1.08817924760266 0 0 0 
1.10652815343005 0 0 0 
1.24972338332924 0 0 0 
1.10296287189575 0 0 0 
1.09226702729284 0 0 0 
1.25399557413327 0 0 0 
1.13154659454143 0 0 0 
1.08046471600688 0 0 0 
1.14377919842636 0 0 0 
1.26008114089009 0 0 0 
1.10997049422179 0 0 0 
1.07010695844603 0 0 0 
1.21984878288665 0 0 0 
1.17697319891812 0 0 0 
1.06279198426358 0 0 0 
1.17156380624539 0 0 0 
1.21886525694615 0 0 0 
1.07929677895254 0 0 0 
1.09411113843128 0 0 0 
1.21268748463241 0 0 0 
1.1368330464716 0 0 0 
1.10287066633882 0 0 0 
1.12948733710352 0 0 0 
1.21090484386526 0 0 0 
1.08356896975658 0 0 0 
1.10898696828129 0 0 0 
1.21188836980575 0 0 0 
1.14236537988689 0 0 0 
1.09408040324564 0 0 0 
1.15235431522006 0 0 0 
1.24569707401033 0 0 0 
1.10062699778707 0 0 0 
1.09238996803541 0 0 0 
1.18911359724613 0 0 0 
1.14992623555446 0 0 0 
1.09401893287435 0 0 0 
1.14676051143349 0 0 0 
1.20488074747971 0 0 0 
1.07413326776494 0 0 0 
1.1105851979346 0 0 0 
1.22608802557167 0 0 0 
1.14276493730022 0 0 0 
1.06279198426358 0 0 0 
1.15401401524465 0 0 0 
1.20521883452176 0 0 0 
1.10643594787313 0 0 0 
1.1439636095402 0 0 0 
1.21609909023851 0 0 0 
1.12075854438161 0 0 0 
1.06162404720925 0 0 0 
1.19688959921318 0 0 0 
1.22953036636341 0 0 0 
1.04865379886895 0 0 0 
1.12340177034669 0 0 0 
1.22461273666093 0 0 0 
1.13523481681829 0 0 0 
1.11368945168429 0 0 0 
1.17626628964839 0 0 0 
1.17165601180231 0 0 0 
1.04690189328744 0 0 0 
1.14196582247357 0 0 0 
1.27003934103762 0 0 0 
1.10880255716745 0 0 0 
1.0694000491763 0 0 0 
1.19578313253012 0 0 0 
1.16046840422916 0 0 0 
1.09404966806 0 0 0 
1.19270961396607 0 0 0 
1.19286328989427 0 0 0 
1.08762601426113 0 0 0 
1.13412835013523 0 0 0 
1.24634251290878 0 0 0 
1.14998770592574 0 0 0 
1.06395992131792 0 0 0 
1.13077821490042 0 0 0 
1.24250061470371 0 0 0 
1.1191603147283 0 0 0 
1.09804524219326 0 0 0 
1.19234079173838 0 0 0 
1.11522621096631 0 0 0 
1.15020285222523 0 0 0 
1.18388861568724 0 0 0 
1.18152200639292 0 0 0 
1.04662527661667 0 0 0 
1.15797885419228 0 0 0 
1.28983280059012 0 0 0 
1.14304155397099 0 0 0 
1.03150356528153 0 0 0 
1.13923039095156 0 0 0 
1.23177403491517 0 0 0 
1.10271699041062 0 0 0 
1.15601180231129 0 0 0 
1.18404229161544 0 0 0 
1.12149618883698 0 0 0 
1.07729899188591 0 0 0 
1.25291984263585 0 0 0 
1.17276247848537 0 0 0 
1.02043889845095 0 0 0 
1.13517334644701 0 0 0 
1.24280796656012 0 0 0 
1.11510327022375 0 0 0 
1.10437669043521 0 0 0 
1.2110892549791 0 0 0 
1.15954634865995 0 0 0 
1.06134743053848 0 0 0 
1.16981190066388 0 0 0 
1.21969510695845 0 0 0 
1.05372510449963 0 0 0 
1.11519547578067 0 0 0 
1.2592512908778 0 0 0 
1.1676297024834 0 0 0 
1.06236169166462 0 0 0 
1.15401401524465 0 0 0 
1.24240840914679 0 0 0 
1.09644701253996 0 0 0 
1.07696090484387 0 0 0 
1.21022866978117 0 0 0 
1.1637570690927 0 0 0 
1.08433734939759 0 0 0 
1.17623555446275 0 0 0 
1.17780304893042 0 0 0 
1.07056798623064 0 0 0 
1.11614826653553 0 0 0 
1.22430538480452 0 0 0 
1.14783624293091 0 0 0 
1.1005040570445 0 0 0 
1.212380132776 0 0 0 
1.18573272682567 0 0 0 
1.07388738627981 0 0 0 
1.12601426112614 0 0 0 
1.20924514384067 0 0 0 
1.12921072043275 0 0 0 
1.10400786820752 0 0 0 
1.11138431276125 0 0 0 
1.26063437423162 0 0 0 
1.07567002704696 0 0 0 
1.13194615195476 0 0 0 
1.21317924760266 0 0 0 
1.14165847061716 0 0 0 
1.06454388984509 0 0 0 
1.19738136218343 0 0 0 
1.23238873862798 0 0 0 
1.06608064912712 0 0 0 
1.10997049422179 0 0 0 
1.26109540201623 0 0 0 
1.16424883206295 0 0 0 
1.08163265306122 0 0 0 
1.21659085320875 0 0 0 
1.1969818047701 0 0 0 
1.03147283009589 0 0 0 
1.13766289648389 0 0 0 
1.26942463732481 0 0 0 
1.13314482419474 0 0 0 
1.06140890090976 0 0 0 
1.16129825424146 0 0 0 
1.20890705679862 0 0 0 
1.08919350872879 0 0 0 
1.19449225473322 0 0 0 
1.19329358249324 0 0 0 
1.04278337841161 0 0 0 
1.10658962380133 0 0 0 
1.2662281780182 0 0 0 
1.21828128841898 0 0 0 
1.05609171379395 0 0 0 
1.1168859109909 0 0 0 
1.26730390951561 0 0 0 
1.11707032210475 0 0 0 
1.11826899434473 0 0 0 
1.16470985984755 0 0 0 
1.1898512417015 0 0 0 
1.05412466191296 0 0 0 
1.20776985492992 0 0 0 
1.23303417752643 0 0 0 
1.07336488812392 0 0 0 
1.06402139168921 0 0 0 
1.2655520039341 0 0 0 
1.1791553970986 0 0 0 
1.10536021637571 0 0 0 
1.16354192279321 0 0 0 
1.19061962134251 0 0 0 
1.11159945906073 0 0 0 
1.16006884681583 0 0 0 
1.235892549791 0 0 0 
1.09432628473076 0 0 0 
1.09251290877797 0 0 0 
1.15868576346201 0 0 0 
1.22870051635112 0 0 0 
1.11494959429555 0 0 0 
1.13615687238751 0 0 0 
1.19738136218343 0 0 0 
1.19907179739366 0 0 0 
1.09272805507745 0 0 0 
1.14909638554217 0 0 0 
1.20199164002951 0 0 0 
1.10606712564544 0 0 0 
1.15134005409393 0 0 0 
1.1757437914925 0 0 0 
1.09530981067126 0 0 0 
1.15899311531842 0 0 0 
1.19876444553725 0 0 0 
1.15634988935333 0 0 0 
1.0291984263585 0 0 0 
1.21828128841898 0 0 0 
1.30996434718466 0 0 0 
1.06608064912712 0 0 0 
1.05956478977133 0 0 0 
1.20749323825916 0 0 0 
1.2088148512417 0 0 0 
1.12097369068109 0 0 0 
1.20558765674945 0 0 0 
1.13723260388493 0 0 0 
1.07059872141628 0 0 0 
1.16231251536759 0 0 0 
1.25556306860093 0 0 0 
1.12579911482665 0 0 0 
1.04650233587411 0 0 0 
1.16956601917876 0 0 0 
1.26948610769609 0 0 0 
1.05858126383083 0 0 0 
1.13649495942956 0 0 0 
1.19814974182444 0 0 0 
1.10674329972953 0 0 0 
1.10957093680846 0 0 0 
1.21908040324564 0 0 0 
1.19937914925006 0 0 0 
1.05931890828621 0 0 0 
1.13551143348906 0 0 0 
1.24618883698058 0 0 0 
1.1287189574625 0 0 0 
1.0765306122449 0 0 0 
1.19092697319892 0 0 0 
1.16735308581264 0 0 0 
1.07591590853209 0 0 0 
1.16517088763216 0 0 0 
1.19117285468404 0 0 0 
1.07511679370543 0 0 0 
1.11811531841652 0 0 0 
1.23659945906073 0 0 0 
1.17310056552742 0 0 0 
1.05704450454881 0 0 0 
1.13406687976395 0 0 0 
1.24108679616425 0 0 0 
1.1023174329973 0 0 0 
1.06767887878043 0 0 0 
1.17512908777969 0 0 0 
1.1648942709614 0 0 0 
1.07231989181215 0 0 0 
1.18299729530366 0 0 0 
1.18828374723383 0 0 0 
1.05959552495697 0 0 0 
1.15671871158102 0 0 0 
1.21511556429801 0 0 0 
1.15103270223752 0 0 0 
1.06140890090976 0 0 0 
1.20595647897713 0 0 0 
1.2132099827883 0 0 0 
1.09875215146299 0 0 0 
1.12254118514876 0 0 0 
1.25043029259897 0 0 0 
1.125 0 0 0 
1.12204942217851 0 0 0 
1.2276247848537 0 0 0 
1.14716006884682 0 0 0 
1.07920457339562 0 0 0 
1.15444430784362 0 0 0 
1.2013769363167 0 0 0 
1.08670395869191 0 0 0 
1.12543029259897 0 0 0 
1.19596754364396 0 0 0 
1.19154167691173 0 0 0 
1.07072166215884 0 0 0 
1.20488074747971 0 0 0 
1.19670518809934 0 0 0 
1.01684288173101 0 0 0 
1.10572903860339 0 0 0 
1.23189697565773 0 0 0 
1.16809073026801 0 0 0 
1.08848659945906 0 0 0 
1.14706786328989 0 0 0 
1.23570813867716 0 0 0 
1.0531718711581 0 0 0 
1.16111384312761 0 0 0 
1.2122264568478 0 0 0 
1.09137570690927 0 0 0 
1.11307474797148 0 0 0 
1.21081263830834 0 0 0 
1.1554893041554 0 0 0 
1.06060978608311 0 0 0 
1.17586673223506 0 0 0 
1.19015859355791 0 0 0 
1.09183673469388 0 0 0 
1.12844234079174 0 0 0 
1.17940127858372 0 0 0 
1.15859355790509 0 0 0 
1.0575670027047 0 0 0 
1.2050958937792 0 0 0 
1.28257929677895 0 0 0 
1.05433980821244 0 0 0 
1.09598598475535 0 0 0 
1.2179124661913 0 0 0 
1.16415662650602 0 0 0 
1.05661421194984 0 0 0 
1.18822227686255 0 0 0 
1.19519916400295 0 0 0 
1.08575116793705 0 0 0 
1.08870174575854 0 0 0 
1.21508482911237 0 0 0 
1.1285652815343 0 0 0 
1.06097860831079 0 0 0 
1.19286328989427 0 0 0 
1.20352839931153 0 0 0 
1.09331202360462 0 0 0 
1.11239857388739 0 0 0 
1.2052495697074 0 0 0 
1.13200762232604 0 0 0 
1.08673469387755 0 0 0 
1.20149987705926 0 0 0 
1.16719940988444 0 0 0 
1.05873493975904 0 0 0 
1.18671625276617 0 0 0 
1.24591222030981 0 0 0 
1.08178632898943 0 0 0 
1.05160437669044 0 0 0 
1.23226579788542 0 0 0 
1.16492500614704 0 0 0 
1.0603024342267 0 0 0 
1.17629702483403 0 0 0 
1.20383575116794 0 0 0 
1.09152938283747 0 0 0 
1.12192648143595 0 0 0 
1.22676419965577 0 0 0 
1.13222276862552 0 0 0 
1.07351856405213 0 0 0 
1.21422424391443 0 0 0 
1.18647037128104 0 0 0 
1.06604991394148 0 0 0 
1.13784730759774 0 0 0 
1.2125338087042 0 0 0 
1.1318232112122 0 0 0 
1.10907917383821 0 0 0 
1.16028399311532 0 0 0 
1.21250307351856 0 0 0 
1.03808089500861 0 0 0 
1.14261126137202 0 0 0 
1.2616793705434 0 0 0 
1.10173346447013 0 0 0 
1.05234202114581 0 0 0 
1.21637570690927 0 0 0 
1.23872018686993 0 0 0 
1.03715883943939 0 0 0 
1.09555569215638 0 0 0 
1.22356774034915 0 0 0 
1.14181214654537 0 0 0 
1.09245143840669 0 0 0 
1.23450946643718 0 0 0 
1.14113597246127 0 0 0 
1.08129456601918 0 0 0 
1.18545611015491 0 0 0 
1.20773911974428 0 0 0 
1.06813990656504 0 0 0 
1.12103516105237 0 0 0 
1.20792353085813 0 0 0 
1.16529382837472 0 0 0 
1.0741025325793 0 0 0 
1.14817432997295 0 0 0 
1.19040447504303 0 0 0 
1.12377059257438 0 0 0 
1.14602286697812 0 0 0 
1.26850258175559 0 0 0 
1.13176174084091 0 0 0 
1.07367223998033 0 0 0 
1.21419350872879 0 0 0 
1.15379886894517 0 0 0 
1.10283993115318 0 0 0 
1.11027784607819 0 0 0 
1.23288050159823 0 0 0 
1.12638308335382 0 0 0 
1.09085320875338 0 0 0 
1.15601180231129 0 0 0 
1.20189943447258 0 0 0 
1.09865994590607 0 0 0 
1.10486845340546 0 0 0 
1.2195106958446 0 0 0 
1.14224243914433 0 0 0 
1.13194615195476 0 0 0 
1.18336611753135 0 0 0 
1.17359232849766 0 0 0 
1.04880747479715 0 0 0 
1.14854315220064 0 0 0 
1.25433366117531 0 0 0 
1.10966314236538 0 0 0 
1.05716744529137 0 0 0 
1.17125645438898 0 0 0 
1.17989304155397 0 0 0 
1.10311654782395 0 0 0 
1.16590853208753 0 0 0 
1.19802680108188 0 0 0 
1.05563068600934 0 0 0 
1.13044012785837 0 0 0 
1.29939144332432 0 0 0 
1.15416769117285 0 0 0 
1.04911482665355 0 0 0 
1.18656257683796 0 0 0 
1.22138554216867 0 0 0 
1.09371158101795 0 0 0 
1.1087718219818 0 0 0 
1.226487582985 0 0 0 
1.0800958937792 0 0 0 
1.1412281780182 0 0 0 
1.25500983525941 0 0 0 
1.16855175805262 0 0 0 
1.03153430046717 0 0 0 
1.1188529628719 0 0 0 
1.2501536759282 0 0 0 
1.14082862060487 0 0 0 
1.03088886156872 0 0 0 
1.18533316941234 0 0 0 
1.16059134497172 0 0 0 
1.11227563314482 0 0 0 
1.17273174329973 0 0 0 
1.19286328989427 0 0 0 
1.04917629702483 0 0 0 
1.08399926235554 0 0 0 
1.28254856159331 0 0 0 
1.22341406442095 0 0 0 
1.02704696336366 0 0 0 
1.09743053848045 0 0 0 
1.21665232358003 0 0 0 
1.17491394148021 0 0 0 
1.09893656257684 0 0 0 
1.15386033931645 0 0 0 
1.0669719695107 0 0 0 
1.10689697565773 0 0 0 
1.29714777477256 0 0 0 
1.1689205802803 0 0 0 
1.02086919104991 0 0 0 
1.12546102778461 0 0 0 
1.27136095402016 0 0 0 
1.14350258175559 0 0 0 
1.07404106220802 0 0 0 
1.20030120481928 0 0 0 
1.15988443570199 0 0 0 
1.09411113843128 0 0 0 
1.20853823457094 0 0 0 
1.15004917629702 0 0 0 
1.06792476026555 0 0 0 
1.11418121465454 0 0 0 
1.28669781165478 0 0 0 
1.1306860093435 0 0 0 
1.03605237275633 0 0 0 
1.2052495697074 0 0 0 
1.22845463486599 0 0 0 
1.06949225473322 0 0 0 
1.13655642980084 0 0 0 
1.18342758790263 0 0 0 
1.12066633882469 0 0 0 
1.11328989427096 0 0 0 
1.2559933611999 0 0 0 
1.11018564052127 0 0 0 
1.05895008605852 0 0 0 
1.17220924514384 0 0 0 
1.26263216129825 0 0 0 
1.10683550528645 0 0 0 
1.09859847553479 0 0 0 
1.15432136710106 0 0 0 
1.1488197688714 0 0 0 
1.10818785345463 0 0 0 
1.21388615687239 0 0 0 
1.17755716744529 0 0 0 
1.08230882714532 0 0 0 
1.12745881485124 0 0 0 
1.3052925989673 0 0 0 
1.10920211458077 0 0 0 
1.06279198426358 0 0 0 
1.16532456356036 0 0 0 
1.193570199164 0 0 0 
1.10705065158594 0 0 0 
1.13993730022129 0 0 0 
1.2156380624539 0 0 0 
1.07422547332186 0 0 0 
1.1201438406688 0 0 0 
1.2921686746988 0 0 0 
1.12343250553233 0 0 0 
1.07204327514138 0 0 0 
1.15164740595033 0 0 0 
1.27560240963855 0 0 0 
1.08633513646422 0 0 0 
1.11750061470371 0 0 0 
1.21751290877797 0 0 0 
1.12038972215392 0 0 0 
1.09300467174822 0 0 0 
1.22507376444554 0 0 0 
1.16913572657979 0 0 0 
1.03983280059012 0 0 0 
1.12982542414556 0 0 0 
1.23515490533563 0 0 0 
1.08814851241701 0 0 0 
1.10345463486599 0 0 0 
1.20435824932383 0 0 0 
1.14254979100074 0 0 0 
1.05461642488321 0 0 0 
1.17469879518072 0 0 0 
1.17494467666585 0 0 0 
1.0434595524957 0 0 0 
1.13603393164495 0 0 0 
1.25531718711581 0 0 0 
1.12186501106467 0 0 0 
1.04853085812638 0 0 0 
1.16759896729776 0 0 0 
1.20869191049914 0 0 0 
1.03798868945168 0 0 0 
1.15825547086304 0 0 0 
1.21597614949594 0 0 0 
1.09930538480452 0 0 0 
1.11676297024834 0 0 0 
1.17792598967298 0 0 0 
1.19363166953528 0 0 0 
1.06611138431276 0 0 0 
1.14482419473814 0 0 0 
1.21490041799852 0 0 0 
1.08104868453405 0 0 0 
1.08037251044996 0 0 0 
1.21179616424883 0 0 0 
1.17884804524219 0 0 0 
1.1133206294566 0 0 0 
1.1460843373494 0 0 0 
1.22882345709368 0 0 0 
1.05965699532825 0 0 0 
1.14061347430538 0 0 0 
1.20374354561102 0 0 0 
1.11221416277354 0 0 0 
1.05741332677649 0 0 0 
1.2203405458569 0 0 0 
1.19492254733219 0 0 0 
1.07324194738136 0 0 0 
1.14433243176789 0 0 0 
1.16855175805262 0 0 0 
1.09186746987952 0 0 0 
1.09457216621588 0 0 0 
1.21803540693386 0 0 0 
1.12469264814359 0 0 0 
1.09054585689698 0 0 0 
1.1577637078928 0 0 0 
1.20377428079666 0 0 0 
1.07302680108188 0 0 0 
1.08129456601918 0 0 0 
1.2182198180477 0 0 0 
1.14218096877305 0 0 0 
1.10462257192033 0 0 0 
1.1837042045734 0 0 0 
1.15459798377182 0 0 0 
1.08894762724367 0 0 0 
1.13701745758544 0 0 0 
1.27225227440374 0 0 0 
1.06060978608311 0 0 0 
1.09312761249078 0 0 0 
1.23785960167199 0 0 0 
1.17116424883206 0 0 0 
1.07044504548807 0 0 0 
1.1509404966806 0 0 0 
1.19018932874355 0 0 0 
1.10938652569462 0 0 0 
1.14589992623555 0 0 0 
1.22286083107942 0 0 0 
1.1074809441849 0 0 0 
1.05984140644209 0 0 0 
1.19317064175068 0 0 0 
1.22774772559626 0 0 0 
1.07007622326039 0 0 0 
1.11295180722892 0 0 0 
1.22338332923531 0 0 0 
1.11694738136218 0 0 0 
1.08332308827145 0 0 0 
1.19301696582247 0 0 0 
1.17586673223506 0 0 0 
1.11405827391197 0 0 0 
1.12063560363905 0 0 0 
1.24419104991394 0 0 0 
1.09232849766413 0 0 0 
1.06875461027785 0 0 0 
1.26001967051881 0 0 0 
1.15502827637079 0 0 0 
1.06601917875584 0 0 0 
1.14045979837718 0 0 0 
1.209644701254 0 0 0 
1.10483771821982 0 0 0 
1.08845586427342 0 0 0 
1.20706294566019 0 0 0 
1.13053233341529 0 0 0 
1.05105114334891 0 0 0 
1.20017826407672 0 0 0 
1.24852471108926 0 0 0 
1.04806983034178 0 0 0 
1.13880009835259 0 0 0 
1.26229407425621 0 0 0 
1.15422916154414 0 0 0 
1.08141750676174 0 0 0 
1.16323457093681 0 0 0 
1.15730268010819 0 0 0 
1.07330341775264 0 0 0 
1.17814113597246 0 0 0 
1.22670272928449 0 0 0 
1.12988689451684 0 0 0 
1.09909023850504 0 0 0 
1.18957462503074 0 0 0 
1.17386894516843 0 0 0 
1.05612244897959 0 0 0 
1.1308396852717 0 0 0 
1.27212933366118 0 0 0 
1.11593312023605 0 0 0 
1.07127489550037 0 0 0 
1.14550036882223 0 0 0 
1.15244652077699 0 0 0 
1.09220555692156 0 0 0 
1.20709368084583 0 0 0 
1.22452053110401 0 0 0 
1.04330587656749 0 0 0 
1.09119129579543 0 0 0 
1.24308458323088 0 0 0 
1.2251967051881 0 0 0 
1.03513031718712 0 0 0 
1.11000122940743 0 0 0 
1.2075239734448 0 0 0 
1.09048438652569 0 0 0 
1.07892795672486 0 0 0 
1.17933980821244 0 0 0 
1.16818293582493 0 0 0 
1.04662527661667 0 0 0 
1.13735554462749 0 0 0 
1.22344479960659 0 0 0 
1.07490164740595 0 0 0 
1.10038111630194 0 0 0 
1.21419350872879 0 0 0 
1.15530489304155 0 0 0 
1.08910130317187 0 0 0 
1.12358618146054 0 0 0 
1.22203098106713 0 0 0 
1.04874600442587 0 0 0 
1.11024711089255 0 0 0 
1.27526432259651 0 0 0 
1.17761863781657 0 0 0 
1.00491762970248 0 0 0 
1.08784116056061 0 0 0 
1.35566756823211 0 0 0 
1.15404475043029 0 0 0 
1.05015982296533 0 0 0 
1.0718281288419 0 0 0 
1.07416400295058 0 0 0 
1.21354806983034 0 0 0 
1.34521760511434 0 0 0 
1.13093189082862 0 0 0 
0.886925252028522 0 0 0 
1.1050528645193 0 0 0 
1.43382714531596 0 0 0 
1.24422178509958 0 0 0 
0.994037373985739 0 0 0 
1.00823702975166 0 0 0 
1.14006024096386 0 0 0 
1.21994098844357 0 0 0 
1.28786574870912 0 0 0 
1.14408655028276 0 0 0 
0.978300958937792 0 0 0 
1.02246742070322 0 0 0 
1.32235062699779 0 0 0 
1.39049053356282 0 0 0 
1.02342021145808 0 0 0 
0.947412097369068 0 0 0 
1.1947074010327 0 0 0 
1.2701008114089 0 0 0 
1.21191910499139 0 0 0 
1.14777477255963 0 0 0 
1.05135849520531 0 0 0 
1.01936316695353 0 0 0 
1.22018686992869 0 0 0 
1.38889230390952 0 0 0 
1.0823702975166 0 0 0 
0.944092697319892 0 0 0 
1.17174821735923 0 0 0 
1.27947504302926 0 0 0 
1.17107204327514 0 0 0 
1.0765306122449 0 0 0 
1.14304155397099 0 0 0 
1.09315834767642 0 0 0 
1.18782271944923 0 0 0 
1.24649618883698 0 0 0 
1.12896483894763 0 0 0 
0.988597246127367 0 0 0 
1.17300835997049 0 0 0 
1.31881608064913 0 0 0 
1.12592205556922 0 0 0 
1.04739365625768 0 0 0 
1.18769977870666 0 0 0 
1.18877551020408 0 0 0 
1.13369805753627 0 0 0 
1.14460904843865 0 0 0 
1.12383206294566 0 0 0 
1.08427587902631 0 0 0 
1.11642488320629 0 0 0 
1.28304032456356 0 0 0 
1.16105237275633 0 0 0 
0.987460044258667 0 0 0 
1.17482173592328 0 0 0 
1.25079911482665 0 0 0 
1.12361691664618 0 0 0 
1.08187853454635 0 0 0 
1.13179247602656 0 0 0 
1.18170641750676 0 0 0 
1.14322596508483 0 0 0 
1.17635849520531 0 0 0 
1.16609294320138 0 0 0 
1.05498524711089 0 0 0 
1.10517580526186 0 0 0 
1.25138308335382 0 0 0 
1.16812146545365 0 0 0 
1.03466928940251 0 0 0 
1.13418982050652 0 0 0 
1.22322965330711 0 0 0 
1.11863781657241 0 0 0 
1.08489058273912 0 0 0 
1.21182689943447 0 0 0 
1.13126997787067 0 0 0 
1.10957093680846 0 0 0 
1.16867469879518 0 0 0 
1.14144332431768 0 0 0 
1.05793582493238 0 0 0 
1.16280427833784 0 0 0 
1.26171010572904 0 0 0 
1.09865994590607 0 0 0 
1.06177772313745 0 0 0 
1.16366486353578 0 0 0 
1.20583353823457 0 0 0 
1.08393779198426 0 0 0 
1.11399680354069 0 0 0 
1.20930661421195 0 0 0 
1.13108556675682 0 0 0 
1.0977686255225 0 0 0 
1.2300528645193 0 0 0 
1.1874231620359 0 0 0 
1.04330587656749 0 0 0 
1.11021637570691 0 0 0 
1.25980452421933 0 0 0 
1.11070813867716 0 0 0 
1.04806983034178 0 0 0 
1.1877305138923 0 0 0 
1.17571305630686 0 0 0 
1.08525940496681 0 0 0 
1.16209736906811 0 0 0 
1.2440066388001 0 0 0 
1.08667322350627 0 0 0 
1.08194000491763 0 0 0 
1.20792353085813 0 0 0 
1.15552003934104 0 0 0 
1.07788296041308 0 0 0 
1.14285714285714 0 0 0 
1.21311777723137 0 0 0 
1.08052618637817 0 0 0 
1.11015490533563 0 0 0 
1.18665478239489 0 0 0 
1.14553110400787 0 0 0 
1.07195106958446 0 0 0 
1.16756823211212 0 0 0 
1.21425497910007 0 0 0 
1.12509220555692 0 0 0 
1.11455003688222 0 0 0 
1.22166215883944 0 0 0 
1.1436562576838 0 0 0 
1.06399065650357 0 0 0 
1.18607081386772 0 0 0 
1.19252520285223 0 0 0 
1.06509712318662 0 0 0 
1.07849766412589 0 0 0 
1.17466805999508 0 0 0 
1.13074747971478 0 0 0 
1.06193139906565 0 0 0 
1.13403614457831 0 0 0 
1.19043521022867 0 0 0 
1.0766842881731 0 0 0 
1.10895623309565 0 0 0 
1.24031841652324 0 0 0 
1.12254118514876 0 0 0 
1.05566142119498 0 0 0 
1.18548684534055 0 0 0 
1.22830095893779 0 0 0 
1.07047578067372 0 0 0 
1.09859847553479 0 0 0 
1.20475780673715 0 0 0 
1.14620727809196 0 0 0 
1.11697811654782 0 0 0 
1.24210105729039 0 0 0 
1.12902630931891 0 0 0 
1.02089992623555 0 0 0 
1.20933734939759 0 0 0 
1.26582862060487 0 0 0 
1.11891443324318 0 0 0 
1.04551880993361 0 0 0 
1.14298008359971 0 0 0 
1.2179124661913 0 0 0 
1.16584706171625 0 0 0 
1.12247971477748 0 0 0 
1.12638308335382 0 0 0 
1.06515859355791 0 0 0 
1.15524342267027 0 0 0 
1.26029628718957 0 0 0 
1.09706171625277 0 0 0 
1.01552126874846 0 0 0 
1.13809318908286 0 0 0 
1.33292353085813 0 0 0 
1.10265552003934 0 0 0 
1.07459429554955 0 0 0 
1.12576837964101 0 0 0 
1.096785099582 0 0 0 
1.16962748955004 0 0 0 
1.20835382345709 0 0 0 
1.14915785591345 0 0 0 
1.01401524465208 0 0 0 
1.14676051143349 0 0 0 
1.30000614703713 0 0 0 
1.1047455126629 0 0 0 
0.989734447996066 0 0 0 
1.17276247848537 0 0 0 
1.22286083107942 0 0 0 
1.0776678141136 0 0 0 
1.14497787066634 0 0 0 
1.20297516597 0 0 0 
1.09718465699533 0 0 0 
1.1177157610032 0 0 0 
1.23072903860339 0 0 0 
1.14783624293091 0 0 0 
1.03024342267027 0 0 0 
1.19071182689943 0 0 0 
1.24268502581756 0 0 0 
1.09211335136464 0 0 0 
1.05729038603393 0 0 0 
1.18318170641751 0 0 0 
1.15146299483649 0 0 0 
1.0552925989673 0 0 0 
1.143809933612 0 0 0 
1.17697319891812 0 0 0 
1.07809810671256 0 0 0 
1.1047455126629 0 0 0 
1.19707401032702 0 0 0 
1.15416769117285 0 0 0 
1.11375092205557 0 0 0 
1.10062699778707 0 0 0 
1.18806860093435 0 0 0 
1.06174698795181 0 0 0 
1.16498647651832 0 0 0 
1.23214285714286 0 0 0 
1.08651954757807 0 0 0 
1.08888615687239 0 0 0 
1.19274034915171 0 0 0 
1.27040816326531 0 0 0 
1.09500245881485 0 0 0 
1.06823211212196 0 0 0 
1.16563191541677 0 0 0 
1.14307228915663 0 0 0 
1.14958814851242 0 0 0 
1.23967297762478 0 0 0 
1.1227255962626 0 0 0 
1.03771207278092 0 0 0 
1.17712687484632 0 0 0 
1.2005470863044 0 0 0 
1.12902630931891 0 0 0 
1.03691295795427 0 0 0 
1.13179247602656 0 0 0 
1.17924760265552 0 0 0 
1.10794197196951 0 0 0 
1.0976149495943 0 0 0 
1.18902139168921 0 0 0 
1.13332923530858 0 0 0 
1.16590853208753 0 0 0 
1.1689205802803 0 0 0 
1.16295795426604 0 0 0 
1.06439021391689 0 0 0 
1.17303909515613 0 0 0 
1.20955249569707 0 0 0 
1.10947873125154 0 0 0 
1.02385050405704 0 0 0 
1.17522129333661 0 0 0 
1.24237767396115 0 0 0 
1.13870789279567 0 0 0 
1.05145070076223 0 0 0 
1.16381853946398 0 0 0 
1.12346324071797 0 0 0 
1.17485247110893 0 0 0 
1.24194738136218 0 0 0 
1.14181214654537 0 0 0 
0.98761372018687 0 0 0 
1.16117531349889 0 0 0 
1.34131423653799 0 0 0 
1.14657610031965 0 0 0 
1.00700762232604 0 0 0 
1.15312269486108 0 0 0 
1.19424637324809 0 0 0 
1.16686132284239 0 0 0 
1.15339931153184 0 0 0 
1.15567371526924 0 0 0 
1.10680477010081 0 0 0 
1.1768809933612 0 0 0 
1.23595402016228 0 0 0 
1.1507868207524 0 0 0 
1.01844111138431 0 0 0 
1.11378165724121 0 0 0 
1.3137140398328 0 0 0 
1.18103024342267 0 0 0 
1.07613105483157 0 0 0 
1.08910130317187 0 0 0 
1.1546594541431 0 0 0 
1.15318416523236 0 0 0 
1.19959429554955 0 0 0 
1.17921686746988 0 0 0 
1.01318539463978 0 0 0 
1.13809318908286 0 0 0 
1.28737398573887 0 0 0 
1.14931153184165 0 0 0 
1.01140275387263 0 0 0 
1.11215269240226 0 0 0 
1.28134988935333 0 0 0 
1.16916646176543 0 0 0 
1.11024711089255 0 0 0 
1.16415662650602 0 0 0 
1.09091467912466 0 0 0 
1.08295426604377 0 0 0 
1.2816265060241 0 0 0 
1.22298377182198 0 0 0 
0.980790508974674 0 0 0 
1.10465330710598 0 0 0 
1.24465207769855 0 0 0 
1.19095770838456 0 0 0 
1.06411359724613 0 0 0 
1.10253257929678 0 0 0 
1.24240840914679 0 0 0 
1.08230882714532 0 0 0 
1.08071059749201 0 0 0 
1.21259527907549 0 0 0 
1.17270100811409 0 0 0 
1.0729653307106 0 0 0 
1.17260880255717 0 0 0 
1.20807720678633 0 0 0 
1.05590730268011 0 0 0 
1.12069707401033 0 0 0 
1.20614089009098 0 0 0 
1.14571551512171 0 0 0 
1.05575362675191 0 0 0 
1.19578313253012 0 0 0 
1.21102778460782 0 0 0 
1.09862921072043 0 0 0 
1.06780181952299 0 0 0 
1.14998770592574 0 0 0 
1.14712933366118 0 0 0 
1.13314482419474 0 0 0 
1.14162773543152 0 0 0 
1.13612613720187 0 0 0 
1.05974920088517 0 0 0 
1.15736415047947 0 0 0 
1.24760265552004 0 0 0 
1.07474797147775 0 0 0 
1.03651340054094 0 0 0 
1.15687238750922 0 0 0 
1.24978485370052 0 0 0 
1.11660929432014 0 0 0 
1.09503319400049 0 0 0 
1.16249692648144 0 0 0 
1.06764814359479 0 0 0 
1.10176419965577 0 0 0 
1.22728669781165 0 0 0 
1.18462626014261 0 0 0 
0.981620358986968 0 0 0 
1.12979468895992 0 0 0 
1.21634497172363 0 0 0 
1.160652815343 0 0 0 
1.04702483403 0 0 0 
1.18118391935087 0 0 0 
1.14310302434227 0 0 0 
1.05200393410376 0 0 0 
1.14500860585198 0 0 0 
1.20236046225719 0 0 0 
1.10363904597984 0 0 0 
1.04038603393164 0 0 0 
1.18502581755594 0 0 0 
1.19704327514138 0 0 0 
1.06002581755594 0 0 0 
1.10923284976641 0 0 0 
1.21102778460782 0 0 0 
1.1097553479223 0 0 0 
1.15032579296779 0 0 0 
1.16741455618392 0 0 0 
1.1476825670027 0 0 0 
1.07828251782641 0 0 0 
1.17174821735923 0 0 0 
1.17937054339808 0 0 0 
1.07170518809934 0 0 0 
1.08830218834522 0 0 0 
1.22614949594296 0 0 0 
1.21115072535038 0 0 0 
1.04763953774281 0 0 0 
1.13431276124908 0 0 0 
1.23503196459307 0 0 0 
1.09008482911237 0 0 0 
1.15687238750922 0 0 0 
1.1853024342267 0 0 0 
1.11891443324318 0 0 0 
1.09404966806 0 0 0 
1.18573272682567 0 0 0 
1.24618883698058 0 0 0 
1.06405212687485 0 0 0 
1.07751413818539 0 0 0 
1.19458446029014 0 0 0 
1.15650356528153 0 0 0 
1.03552987460044 0 0 0 
1.20060855667568 0 0 0 
1.19633636587165 0 0 0 
1.03602163757069 0 0 0 
1.09374231620359 0 0 0 
1.2795057782149 0 0 0 
1.1507868207524 0 0 0 
1.06088640275387 0 0 0 
1.15164740595033 0 0 0 
1.16360339316449 0 0 0 
1.12506147037128 0 0 0 
1.13176174084091 0 0 0 
1.19452298991886 0 0 0 
1.07382591590853 0 0 0 
1.07898942709614 0 0 0 
1.23441726088026 0 0 0 
1.21886525694615 0 0 0 
1.05664494713548 0 0 0 
1.14095156134743 0 0 0 
1.1755901155643 0 0 0 
1.12807351856405 0 0 0 
1.10828005901156 0 0 0 
1.19556798623064 0 0 0 
1.18345832308827 0 0 0 
1.05194246373248 0 0 0 
1.12622940742562 0 0 0 
1.24090238505041 0 0 0 
1.1193139906565 0 0 0 
1.07271944922547 0 0 0 
1.18868330464716 0 0 0 
1.19664371772806 0 0 0 
1.06417506761741 0 0 0 
1.11639414802065 0 0 0 
1.23008359970494 0 0 0 
1.089347184657 0 0 0 
1.05741332677649 0 0 0 
1.21345586427342 0 0 0 
1.17872510449963 0 0 0 
1.06389845094664 0 0 0 
1.14107450208999 0 0 0 
1.18198303417753 0 0 0 
1.11790017211704 0 0 0 
1.08596631423654 0 0 0 
1.20534177526432 0 0 0 
1.12204942217851 0 0 0 
1.04235308581264 0 0 0 
1.19738136218343 0 0 0 
1.19707401032702 0 0 0 
1.1224182444062 0 0 0 
1.08968527169904 0 0 0 
1.21311777723137 0 0 0 
1.11289033685763 0 0 0 
1.09862921072043 0 0 0 
1.17485247110893 0 0 0 
1.20122326038849 0 0 0 
1.07075239734448 0 0 0 
1.12383206294566 0 0 0 
1.23770592574379 0 0 0 
1.12060486845341 0 0 0 
1.0895008605852 0 0 0 
1.14660683550529 0 0 0 
1.19919473813622 0 0 0 
1.05934964347185 0 0 0 
1.15496680599951 0 0 0 
1.21062822719449 0 0 0 
1.05725965084829 0 0 0 
1.06998401770347 0 0 0 
1.19277108433735 0 0 0 
1.20408163265306 0 0 0 
1.07096754364396 0 0 0 
1.1614826653553 0 0 0 
1.15628841898205 0 0 0 
1.04536513400541 0 0 0 
1.09786083107942 0 0 0 
1.23549299237767 0 0 0 
1.14399434472584 0 0 0 
1.0056860093435 0 0 0 
1.14221170395869 0 0 0 
1.22906933857881 0 0 0 
1.12939513154659 0 0 0 
1.08968527169904 0 0 0 
1.16258913203836 0 0 0 
1.11848414064421 0 0 0 
1.05882714531596 0 0 0 
1.21539218096877 0 0 0 
1.21668305876568 0 0 0 
1.02827637078928 0 0 0 
1.1086181460536 0 0 0 
1.21861937546103 0 0 0 
1.19209491025326 0 0 0 
1.07075239734448 0 0 0 
1.15779444307844 0 0 0 
1.20088517334645 0 0 0 
1.07656134743054 0 0 0 
1.13397467420703 0 0 0 
1.18616301942464 0 0 0 
1.10357757560856 0 0 0 
1.07001475288911 0 0 0 
1.19286328989427 0 0 0 
1.18637816572412 0 0 0 
1.04631792476027 0 0 0 
1.10874108679616 0 0 0 
1.22691787558397 0 0 0 
1.08163265306122 0 0 0 
1.1087718219818 0 0 0 
1.18063068600934 0 0 0 
1.14928079665601 0 0 0 
1.06174698795181 0 0 0 
1.15084829112368 0 0 0 
1.21699041062208 0 0 0 
1.07271944922547 0 0 0 
1.06457462503074 0 0 0 
1.25058396852717 0 0 0 
1.18517949348414 0 0 0 
1.02563314482419 0 0 0 
1.14116670764691 0 0 0 
1.23988812392427 0 0 0 
1.11808458323088 0 0 0 
1.11768502581756 0 0 0 
1.16080649127121 0 0 0 
1.14676051143349 0 0 0 
1.10778829604131 0 0 0 
1.17193262847308 0 0 0 
1.17208630440128 0 0 0 
1.01917875583969 0 0 0 
1.07019916400295 0 0 0 
1.26189451684288 0 0 0 
1.13701745758544 0 0 0 
1.00928202606344 0 0 0 
1.12997910007376 0 0 0 
1.20657118268994 0 0 0 
1.14350258175559 0 0 0 
1.10548315711827 0 0 0 
1.22135480698303 0 0 0 
1.12023604622572 0 0 0 
1.13658716498648 0 0 0 
1.204942217851 0 0 0 
1.19658224735677 0 0 0 
1.02643225965085 0 0 0 
1.09472584214409 0 0 0 
1.20177649373002 0 0 0 
1.08694984017703 0 0 0 
0.99821735923285 0 0 0 
1.15595033194 0 0 0 
1.18023112859602 0 0 0 
1.0980759773789 0 0 0 
1.15146299483649 0 0 0 
1.21665232358003 0 0 0 
1.0627305138923 0 0 0 
1.08369191049914 0 0 0 
1.20776985492992 0 0 0 
1.1708876321613 0 0 0 
1.04699409884436 0 0 0 
1.10145684779936 0 0 0 
1.22897713302188 0 0 0 
1.07514752889107 0 0 0 
1.06992254733219 0 0 0 
1.13775510204082 0 0 0 
1.16449471354807 0 0 0 
1.089347184657 0 0 0 
1.1566265060241 0 0 0 
1.24093312023605 0 0 0 
1.03943324317679 0 0 0 
1.12776616670765 0 0 0 
1.23429432013769 0 0 0 
1.17820260634374 0 0 0 
1.07244283255471 0 0 0 
1.16052987460044 0 0 0 
1.21360954020162 0 0 0 
1.0979223014507 0 0 0 
1.11282886648635 0 0 0 
1.2785222522744 0 0 0 
1.11949840177035 0 0 0 
1.1201438406688 0 0 0 
1.20543398082124 0 0 0 
1.20933734939759 0 0 0 
1.08627366609294 0 0 0 
1.13532702237522 0 0 0 
1.27302065404475 0 0 0 
1.12192648143595 0 0 0 
1.09764568477994 0 0 0 
1.16744529136956 0 0 0 
1.19154167691173 0 0 0 
1.0919289402508 0 0 0 
1.12232603884927 0 0 0 
1.24695721662159 0 0 0 
1.12217236292107 0 0 0 
1.10867961642488 0 0 0 
1.2475719203344 0 0 0 
1.19006638800098 0 0 0 
1.05879641013032 0 0 0 
1.15296901893287 0 0 0 
1.25221293336612 0 0 0 
1.10170272928449 0 0 0 
1.10711212195722 0 0 0 
1.22286083107942 0 0 0 
1.11879149250061 0 0 0 
1.10363904597984 0 0 0 
1.20269854929924 0 0 0 
1.2107819031227 0 0 0 
1.04957585443816 0 0 0 
1.11642488320629 0 0 0 
1.259404966806 0 0 0 
1.13836980575363 0 0 0 
1.08857880501598 0 0 0 
1.20146914187362 0 0 0 
1.17276247848537 0 0 0 
1.11267519055815 0 0 0 
1.15515121711335 0 0 0 
1.23180477010081 0 0 0 
1.07699164002951 0 0 0 
1.07035283993115 0 0 0 
1.25156749446767 0 0 0 
1.16870543398082 0 0 0 
1.08655028276371 0 0 0 
1.1309933611999 0 0 0 
1.22851610523728 0 0 0 
1.1188529628719 0 0 0 
1.12991762970248 0 0 0 
1.18831448241947 0 0 0 
1.16424883206295 0 0 0 
1.08372264568478 0 0 0 
1.19661298254241 0 0 0 
1.21969510695845 0 0 0 
1.10087287927219 0 0 0 
1.12884189820507 0 0 0 
1.21849643471847 0 0 0 
1.20177649373002 0 0 0 
1.05581509712319 0 0 0 
1.18794566019179 0 0 0 
1.21477747725596 0 0 0 
1.09635480698303 0 0 0 
1.17752643225965 0 0 0 
1.21994098844357 0 0 0 
1.10244037373986 0 0 0 
1.139107450209 0 0 0 
1.17626628964839 0 0 0 
1.20875338087042 0 0 0 
1.04696336365872 0 0 0 
1.13037865748709 0 0 0 
1.23552372756331 0 0 0 
1.0872264568478 0 0 0 
1.1261372018687 0 0 0 
1.22074010327022 0 0 0 
1.12078927956725 0 0 0 
1.09577083845586 0 0 0 
1.18560978608311 0 0 0 
1.21597614949594 0 0 0 
1.08089500860585 0 0 0 
1.08141750676174 0 0 0 
1.29450454880747 0 0 0 
1.13671010572904 0 0 0 
1.10794197196951 0 0 0 
1.16953528399312 0 0 0 
1.17743422670273 0 0 0 
1.10809564789771 0 0 0 
1.13206909269732 0 0 0 
1.21013646422424 0 0 0 
1.10649741824441 0 0 0 
1.07739119744283 0 0 0 
1.2109355790509 0 0 0 
1.21161175313499 0 0 0 
1.05861199901647 0 0 0 
1.10711212195722 0 0 0 
1.20171502335874 0 0 0 
1.14460904843865 0 0 0 
1.13403614457831 0 0 0 
1.18099950823703 0 0 0 
1.16341898205065 0 0 0 
1.08974674207032 0 0 0 
1.16606220801574 0 0 0 
1.21121219572166 0 0 0 
1.08658101794935 0 0 0 
1.10941726088026 0 0 0 
1.2110892549791 0 0 0 
1.14845094664372 0 0 0 
1.07428694369314 0 0 0 
1.18573272682567 0 0 0 
1.22249200885173 0 0 0 
1.09653921809688 0 0 0 
1.09902876813376 0 0 0 
1.24170149987706 0 0 0 
1.15604253749693 0 0 0 
1.0577206786329 0 0 0 
1.19138800098353 0 0 0 
1.22937669043521 0 0 0 
1.08015736415048 0 0 0 
1.12518441111384 0 0 0 
1.24016474059503 0 0 0 
1.12066633882469 0 0 0 
1.10354684042292 0 0 0 
1.18551758052619 0 0 0 
1.20223752151463 0 0 0 
1.10652815343005 0 0 0 
1.13259159085321 0 0 0 
1.2360462257192 0 0 0 
1.11310548315712 0 0 0 
1.10280919596754 0 0 0 
1.19839562330956 0 0 0 
1.18198303417753 0 0 0 
1.0883636587165 0 0 0 
1.14694492254733 0 0 0 
1.22968404229162 0 0 0 
1.0906380624539 0 0 0 
1.10422301450701 0 0 0 
1.21403983280059 0 0 0 
1.15312269486108 0 0 0 
1.06337595279075 0 0 0 
1.17180968773051 0 0 0 
1.23051389230391 0 0 0 
1.09795303663634 0 0 0 
1.11464224243914 0 0 0 
1.20392795672486 0 0 0 
1.14771330218835 0 0 0 
1.08295426604377 0 0 0 
1.18090730268011 0 0 0 
1.23761372018687 0 0 0 
1.0460413080895 0 0 0 
1.11919104991394 0 0 0 
1.22310671256454 0 0 0 
1.1475288910745 0 0 0 
1.09862921072043 0 0 0 
1.15767150233587 0 0 0 
1.22184656995328 0 0 0 
1.08347676419966 0 0 0 
1.14725227440374 0 0 0 
1.24720309810671 0 0 0 
1.08971600688468 0 0 0 
1.106190066388 0 0 0 
1.2183734939759 0 0 0 
1.1862859601672 0 0 0 
1.05630686009343 0 0 0 
1.17906319154168 0 0 0 
1.23026801081879 0 0 0 
1.10542168674699 0 0 0 
1.10597492008852 0 0 0 
1.21966437177281 0 0 0 
1.18690066388001 0 0 0 
1.10582124416031 0 0 0 
1.09909023850504 0 0 0 
1.25006147037128 0 0 0 
1.10422301450701 0 0 0 
1.10526801081879 0 0 0 
1.25427219080403 0 0 0 
1.19498401770347 0 0 0 
1.06168551758053 0 0 0 
1.17645070076223 0 0 0 
1.21849643471847 0 0 0 
1.09896729776248 0 0 0 
1.12699778706663 0 0 0 
1.24744897959184 0 0 0 
1.14064420949103 0 0 0 
1.11319768871404 0 0 0 
1.14230390951561 0 0 0 
1.25694615195476 0 0 0 
1.13720186869929 0 0 0 
1.14728300958938 0 0 0 
1.26041922793214 0 0 0 
1.17734202114581 0 0 0 
1.11719326284731 0 0 0 
1.2391504794689 0 0 0 
1.23985738873863 0 0 0 
1.11734693877551 0 0 0 
1.17030366363413 0 0 0 
1.18846815834768 0 0 0 
1.13077821490042 0 0 0 
1.09140644209491 0 0 0 
1.22169289402508 0 0 0 
1.15966928940251 0 0 0 
1.06887755102041 0 0 0 
1.16329604130809 0 0 0 
1.26161790017212 0 0 0 
1.1110462257192 0 0 0 
1.07542414556184 0 0 0 
1.17918613228424 0 0 0 
1.11925252028522 0 0 0 
1.0964777477256 0 0 0 
1.188867715761 0 0 0 
1.21886525694615 0 0 0 
1.05670641750676 0 0 0 
1.12859601671994 0 0 0 
1.24102532579297 0 0 0 
1.15524342267027 0 0 0 
1.08141750676174 0 0 0 
1.15960781903123 0 0 0 
1.23493975903614 0 0 0 
1.07514752889107 0 0 0 
1.10157978854192 0 0 0 
1.23868945168429 0 0 0 
1.12472338332924 0 0 0 
1.07149004179985 0 0 0 
1.19104991394148 0 0 0 
1.2110892549791 0 0 0 
1.07480944184903 0 0 0 
1.13065527415786 0 0 0 
1.22587287927219 0 0 0 
1.09156011802311 0 0 0 
1.0932198180477 0 0 0 
1.17632776001967 0 0 0 
1.21490041799852 0 0 0 
1.10751167937054 0 0 0 
1.17721908040325 0 0 0 
1.26210966314237 0 0 0 
1.16421809687731 0 0 0 
1.14399434472584 0 0 0 
1.28614457831325 0 0 0 
1.24093312023605 0 0 0 
1.10751167937054 0 0 0 
1.18834521760511 0 0 0 
1.23555446274896 0 0 0 
1.07250430292599 0 0 0 
1.12020531104008 0 0 0 
1.19108064912712 0 0 0 
1.13283747233833 0 0 0 
1.06288418982051 0 0 0 
1.13437423162036 0 0 0 
1.21981804770101 0 0 0 
1.05818170641751 0 0 0 
1.12407794443078 0 0 0 
1.2120727809196 0 0 0 
1.12478485370052 0 0 0 
1.06042537496926 0 0 0 
1.1405520039341 0 0 0 
1.19980944184903 0 0 0 
1.05507745266781 0 0 0 
1.12364765183182 0 0 0 
1.18865256946152 0 0 0 
1.13517334644701 0 0 0 
1.04428940250799 0 0 0 
1.18438037865749 0 0 0 
1.17014998770593 0 0 0 
1.03337841160561 0 0 0 
1.12168059995082 0 0 0 
1.20036267519056 0 0 0 
1.11863781657241 0 0 0 
1.07336488812392 0 0 0 
1.16759896729776 0 0 0 
1.1817371526924 0 0 0 
1.04548807474797 0 0 0 
1.13575731497418 0 0 0 
1.18410376198672 0 0 0 
1.07677649373002 0 0 0 
1.05704450454881 0 0 0 
1.19089623801328 0 0 0 
1.13299114826654 0 0 0 
1.03940250799115 0 0 0 
1.15007991148267 0 0 0 
1.21923407917384 0 0 0 
1.09272805507745 0 0 0 
1.06116301942464 0 0 0 
1.23106712564544 0 0 0 
1.1272744037374 0 0 0 
1.05547701008114 0 0 0 
1.17500614703713 0 0 0 
1.18517949348414 0 0 0 
1.09100688468158 0 0 0 
1.09801450700762 0 0 0 
1.23032948119007 0 0 0 
1.11553356282272 0 0 0 
1.06134743053848 0 0 0 
1.16901278583723 0 0 0 
1.18908286206049 0 0 0 
1.05974920088517 0 0 0 
1.1036083107942 0 0 0 
1.19436931399066 0 0 0 
1.11359724612737 0 0 0 
1.05821244160315 0 0 0 
1.15942340791738 0 0 0 
1.17977010081141 0 0 0 
1.06608064912712 0 0 0 
1.13904597983772 0 0 0 
1.20832308827145 0 0 0 
1.13071674452914 0 0 0 
1.08243176788788 0 0 0 
1.26284730759774 0 0 0 
1.21926481435948 0 0 0 
1.08990041799852 0 0 0 
1.1900049176297 0 0 0 
1.25378042783378 0 0 0 
1.09804524219326 0 0 0 
1.13738627981313 0 0 0 
1.22206171625277 0 0 0 
1.16646176542906 0 0 0 
1.07185886402754 0 0 0 
1.15714900417999 0 0 0 
1.20180722891566 0 0 0 
1.10425374969265 0 0 0 
1.08166338824686 0 0 0 
1.22501229407426 0 0 0 
1.15481313007131 0 0 0 
1.08811777723137 0 0 0 
1.15072535038112 0 0 0 
1.23054462748955 0 0 0 
1.04293705433981 0 0 0 
1.11212195721662 0 0 0 
1.2172362921072 0 0 0 
1.10649741824441 0 0 0 
1.06457462503074 0 0 0 
1.12164986476518 0 0 0 
1.1830280304893 0 0 0 
1.06823211212196 0 0 0 
1.1358495205311 0 0 0 
1.20294443078436 0 0 0 
1.10539095156135 0 0 0 
1.07176665847062 0 0 0 
1.21763584952053 0 0 0 
1.18259773789034 0 0 0 
1.06995328251783 0 0 0 
1.13947627243669 0 0 0 
1.20534177526432 0 0 0 
1.13323702975166 0 0 0 
1.07717605114335 0 0 0 
1.23635357757561 0 0 0 
1.18078436193755 0 0 0 
1.05006761740841 0 0 0 
1.167322350627 0 0 0 
1.24505163511188 0 0 0 
1.05719818047701 0 0 0 
1.08830218834522 0 0 0 
1.23420211458077 0 0 0 
1.15742562085075 0 0 0 
1.11829972953037 0 0 0 
1.13283747233833 0 0 0 
1.24090238505041 0 0 0 
1.12653675928203 0 0 0 
1.09251290877797 0 0 0 
1.19446151954758 0 0 0 
1.15800958937792 0 0 0 
1.07047578067372 0 0 0 
1.18883698057536 0 0 0 
1.25500983525941 0 0 0 
1.08304647160069 0 0 0 
1.14076715023359 0 0 0 
1.23564666830588 0 0 0 
1.1447934595525 0 0 0 
1.09051512171134 0 0 0 
1.19679739365626 0 0 0 
1.19642857142857 0 0 0 
1.09706171625277 0 0 0 
1.13010204081633 0 0 0 
1.22279936070814 0 0 0 
1.12693631669535 0 0 0 
1.08433734939759 0 0 0 
1.21616056060979 0 0 0 
1.20094664371773 0 0 0 
1.0766842881731 0 0 0 
1.16544750430293 0 0 0 
1.25562453897222 0 0 0 
1.09715392180969 0 0 0 
1.09352716990411 0 0 0 
1.20684779936071 0 0 0 
1.16108310794197 0 0 0 
1.06912343250553 0 0 0 
1.15847061716253 0 0 0 
1.24944676665847 0 0 0 
1.08971600688468 0 0 0 
1.09819891812147 0 0 0 
1.22528891074502 0 0 0 
1.1557966560118 0 0 0 
1.11037005163511 0 0 0 
1.15379886894517 0 0 0 
1.23497049422179 0 0 0 
1.0932198180477 0 0 0 
1.13053233341529 0 0 0 
1.20352839931153 0 0 0 
1.10400786820752 0 0 0 
1.10625153675928 0 0 0 
1.18186009343496 0 0 0 
1.21628350135235 0 0 0 
1.09494098844357 0 0 0 
1.10864888123924 0 0 0 
1.2380132776002 0 0 0 
1.08922424391443 0 0 0 
1.12530735185641 0 0 0 
1.18813007130563 0 0 0 
1.17638923039095 0 0 0 
1.06611138431276 0 0 0 
1.12503073518564 0 0 0 
1.22264568477994 0 0 0 
1.14073641504795 0 0 0 
1.04859232849766 0 0 0 
1.22196951069584 0 0 0 
1.19175682321121 0 0 0 
1.07788296041308 0 0 0 
1.1275817555938 0 0 0 
1.22897713302188 0 0 0 
1.09878288664864 0 0 0 
1.06346815834768 0 0 0 
1.17144086550283 0 0 0 
1.18099950823703 0 0 0 
1.11479591836735 0 0 0 
1.12705925743792 0 0 0 
1.25983525940497 0 0 0 
1.08679616424883 0 0 0 
1.10400786820752 0 0 0 
1.24606589623801 0 0 0 
1.13846201131055 0 0 0 
1.10821858864028 0 0 0 
1.15395254487337 0 0 0 
1.23275756085567 0 0 0 
1.07465576592083 0 0 0 
1.11648635357758 0 0 0 
1.23011433489058 0 0 0 
1.17076469141874 0 0 0 
1.10121096631424 0 0 0 
1.15422916154414 0 0 0 
1.25869805753627 0 0 0 
1.06875461027785 0 0 0 
1.16258913203836 0 0 0 
1.20875338087042 0 0 0 
1.170057782149 0 0 0 
1.08756454388985 0 0 0 
1.19061962134251 0 0 0 
1.20094664371773 0 0 0 
1.09417260880256 0 0 0 
1.11368945168429 0 0 0 
1.2391504794689 0 0 0 
1.13053233341529 0 0 0 
1.06933857880502 0 0 0 
1.16756823211212 0 0 0 
1.20445045488075 0 0 0 
1.11159945906073 0 0 0 
1.11267519055815 0 0 0 
1.2427157610032 0 0 0 
1.14254979100074 0 0 0 
1.08372264568478 0 0 0 
1.20604868453405 0 0 0 
1.18474920088517 0 0 0 
1.04979100073764 0 0 0 
1.17734202114581 0 0 0 
1.27031595770838 0 0 0 
1.13231497418244 0 0 0 
1.07588517334645 0 0 0 
1.19224858618146 0 0 0 
1.19369313990657 0 0 0 
1.07822104745513 0 0 0 
1.15810179493484 0 0 0 
1.23798254241456 0 0 0 
1.11719326284731 0 0 0 
1.08249323825916 0 0 0 
1.20998278829604 0 0 0 
1.20322104745513 0 0 0 
1.09297393656258 0 0 0 
1.14227317432997 0 0 0 
1.23767519055815 0 0 0 
1.1282579296779 0 0 0 
1.08064912712073 0 0 0 
1.19719695106958 0 0 0 
1.19965576592083 0 0 0 
1.05120481927711 0 0 0 
1.14968035406934 0 0 0 
1.2559933611999 0 0 0 
1.10373125153676 0 0 0 
1.10625153675928 0 0 0 
1.18914433243177 0 0 0 
1.2229223014507 0 0 0 
1.04373616916646 0 0 0 
1.17641996557659 0 0 0 
1.24228546840423 0 0 0 
1.07118268994345 0 0 0 
1.12561470371281 0 0 0 
1.2287619867224 0 0 0 
1.11836119990165 0 0 0 
1.08839439390214 0 0 0 
1.15914679124662 0 0 0 
1.25670027046963 0 0 0 
1.07548561593312 0 0 0 
1.12982542414556 0 0 0 
1.22986845340546 0 0 0 
1.13157732972707 0 0 0 
1.10523727563314 0 0 0 
1.18579419719695 0 0 0 
1.20196090484387 0 0 0 
1.0731190066388 0 0 0 
1.13397467420703 0 0 0 
1.2204942217851 0 0 0 
1.11000122940743 0 0 0 
1.10428448487829 0 0 0 
1.17654290631915 0 0 0 
1.20475780673715 0 0 0 
1.09165232358003 0 0 0 
1.11378165724121 0 0 0 
1.23967297762478 0 0 0 
1.11153798868945 0 0 0 
1.07453282517826 0 0 0 
1.20933734939759 0 0 0 
1.20365134005409 0 0 0 
1.08621219572166 0 0 0 
1.11667076469142 0 0 0 
1.24840177034669 0 0 0 
1.11965207769855 0 0 0 
1.08402999754119 0 0 0 
1.22452053110401 0 0 0 
1.19888738627981 0 0 0 
1.0956478977133 0 0 0 
1.12035898696828 0 0 0 
1.2512908777969 0 0 0 
1.10981681829358 0 0 0 
1.10923284976641 0 0 0 
1.22095524956971 0 0 0 
1.17402262109663 0 0 0 
1.06211581017949 0 0 0 
1.16812146545365 0 0 0 
1.18702360462257 0 0 0 
1.13732480944185 0 0 0 
1.0933734939759 0 0 0 
1.17743422670273 0 0 0 
1.16566265060241 0 0 0 
1.10852594049668 0 0 0 
1.16802925989673 0 0 0 
1.23782886648635 0 0 0 
1.08126383083354 0 0 0 
1.09269731989181 0 0 0 
1.2226149495943 0 0 0 
1.12435456110155 0 0 0 
1.09122203098107 0 0 0 
1.15100196705188 0 0 0 
1.19123432505532 0 0 0 
1.08067986230637 0 0 0 
1.13723260388493 0 0 0 
1.22101671994099 0 0 0 
1.15241578559135 0 0 0 
1.09656995328252 0 0 0 
1.15671871158102 0 0 0 
1.21167322350627 0 0 0 
1.0662957954266 0 0 0 
1.15555077452668 0 0 0 
1.24809441849029 0 0 0 
1.11882222768626 0 0 0 
1.08940865502828 0 0 0 
1.18597860831079 0 0 0 
1.21102778460782 0 0 0 
1.06168551758053 0 0 0 
1.15733341529383 0 0 0 
1.23911974428326 0 0 0 
1.11119990164741 0 0 0 
1.10093434964347 0 0 0 
1.20657118268994 0 0 0 
1.20933734939759 0 0 0 
1.06362183427588 0 0 0 
1.16209736906811 0 0 0 
1.23905827391197 0 0 0 
1.08529014015245 0 0 0 
1.10566756823211 0 0 0 
1.19148020654045 0 0 0 
1.1554893041554 0 0 0 
1.10920211458077 0 0 0 
1.13962994836489 0 0 0 
1.22725596262601 0 0 0 
1.09758421440865 0 0 0 
1.13280673715269 0 0 0 
1.25897467420703 0 0 0 
1.12051266289648 0 0 0 
1.1130132776002 0 0 0 
1.17777231374478 0 0 0 
1.20186869928694 0 0 0 
1.06946151954758 0 0 0 
1.12198795180723 0 0 0 
1.22587287927219 0 0 0 
1.11123063683305 0 0 0 
1.04428940250799 0 0 0 
1.2101057290386 0 0 0 
1.22790140152447 0 0 0 
1.08446029014015 0 0 0 
1.12994836488812 0 0 0 
1.23497049422179 0 0 0 
1.09159085320875 0 0 0 
1.10268625522498 0 0 0 
1.24661912957954 0 0 0 
1.15622694861077 0 0 0 
1.08064912712073 0 0 0 
1.19950208999262 0 0 0 
1.23254241455618 0 0 0 
1.05504671748217 0 0 0 
1.13388246865011 0 0 0 
1.20285222522744 0 0 0 
1.12653675928203 0 0 0 
1.10194861076961 0 0 0 
1.17008851733464 0 0 0 
1.19264814359479 0 0 0 
1.07643840668798 0 0 0 
1.1449471354807 0 0 0 
1.22184656995328 0 0 0 
1.14574625030735 0 0 0 
1.06648020654045 0 0 0 
1.17128718957463 0 0 0 
1.20946029014015 0 0 0 
1.09798377182198 0 0 0 
1.15395254487337 0 0 0 
1.22381362183428 0 0 0 
1.07920457339562 0 0 0 
1.07493238259159 0 0 0 
1.27873739857389 0 0 0 
1.1887140398328 0 0 0 
1.07868207523973 0 0 0 
1.17303909515613 0 0 0 
1.217082616179 0 0 0 
1.1452544873371 0 0 0 
1.10124170149988 0 0 0 
1.2078313253012 0 0 0 
1.16172854684042 0 0 0 
1.08384558642734 0 0 0 
1.23079050897467 0 0 0 
1.22787066633882 0 0 0 
1.05381731005655 0 0 0 
1.09604745512663 0 0 0 
1.27203712810425 0 0 0 
1.1215883943939 0 0 0 
1.08682689943447 0 0 0 
1.17350012294074 0 0 0 
1.17863289894271 0 0 0 
1.07582370297517 0 0 0 
1.13096262601426 0 0 0 
1.22513523481682 0 0 0 
1.15754856159331 0 0 0 
1.12647528891075 0 0 0 
1.19602901401524 0 0 0 
1.15794811900664 0 0 0 
1.08694984017703 0 0 0 
1.16191295795427 0 0 0 
1.23785960167199 0 0 0 
1.09248217359233 0 0 0 
1.09958200147529 0 0 0 
1.21631423653799 0 0 0 
1.17903245635604 0 0 0 
1.06319154167691 0 0 0 
1.16852102286698 0 0 0 
1.23782886648635 0 0 0 
1.11239857388739 0 0 0 
1.11040078682075 0 0 0 
1.24803294811901 0 0 0 
1.16243545611015 0 0 0 
1.075239734448 0 0 0 
1.13723260388493 0 0 0 
1.26063437423162 0 0 0 
1.07772928448488 0 0 0 
1.11159945906073 0 0 0 
1.21975657732973 0 0 0 
1.14559257437915 0 0 0 
1.08061839193509 0 0 0 
1.18874477501844 0 0 0 
1.21029014015245 0 0 0 
1.04010941726088 0 0 0 
1.16815220063929 0 0 0 
1.21330218834522 0 0 0 
1.10001229407426 0 0 0 
1.09374231620359 0 0 0 
1.22190804032456 0 0 0 
1.1924329972953 0 0 0 
1.08067986230637 0 0 0 
1.14513154659454 0 0 0 
1.19209491025326 0 0 0 
1.13784730759774 0 0 0 
1.07714531595771 0 0 0 
1.23552372756331 0 0 0 
1.18647037128104 0 0 0 
1.08476764199656 0 0 0 
1.18923653798869 0 0 0 
1.22992992377674 0 0 0 
1.09229776247849 0 0 0 
1.12678264076715 0 0 0 
1.23564666830588 0 0 0 
1.13019424637325 0 0 0 
1.08710351610524 0 0 0 
1.19965576592083 0 0 0 
1.19987091222031 0 0 0 
1.07954266043767 0 0 0 
1.17436070813868 0 0 0 
1.23543152200639 0 0 0 
1.09752274403737 0 0 0 
1.10449963117777 0 0 0 
1.13956847799361 0 0 0 
1.20297516597 0 0 0 
1.04518072289157 0 0 0 
1.19415416769117 0 0 0 
1.23991885910991 0 0 0 
1.09466437177281 0 0 0 
1.15173961150725 0 0 0 
1.20985984755348 0 0 0 
1.16563191541677 0 0 0 
1.06936931399066 0 0 0 
1.17826407671502 0 0 0 
1.21216498647652 0 0 0 
1.1000430292599 0 0 0 
1.09478731251537 0 0 0 
1.19443078436194 0 0 0 
1.16013031718712 0 0 0 
1.07465576592083 0 0 0 
1.20703221047455 0 0 0 
1.20669412343251 0 0 0 
1.07130563068601 0 0 0 
1.08661175313499 0 0 0 
1.2384743053848 0 0 0 
1.12297147774773 0 0 0 
1.06592697319892 0 0 0 
1.20208384558643 0 0 0 
1.23721416277354 0 0 0 
1.09346569953283 0 0 0 
1.15155520039341 0 0 0 
1.22141627735432 0 0 0 
1.10926358495205 0 0 0 
1.08590484386526 0 0 0 
1.2028214900418 0 0 0 
1.2302065404475 0 0 0 
1.06285345463487 0 0 0 
1.15484386525695 0 0 0 
1.25946643717728 0 0 0 
1.10824932382592 0 0 0 
1.08359970494222 0 0 0 
1.22685640521269 0 0 0 
1.14362552249816 0 0 0 
1.1050528645193 0 0 0 
1.1496496188837 0 0 0 
1.24280796656012 0 0 0 
1.11113843127613 0 0 0 
1.10028891074502 0 0 0 
1.20297516597 0 0 0 
1.16864396360954 0 0 0 
1.07963486599459 0 0 0 
1.1922793213671 0 0 0 
1.21809687730514 0 0 0 
1.106190066388 0 0 0 
1.101487582985 0 0 0 
1.23315711826899 0 0 0 
1.14467051880993 0 0 0 
1.06174698795181 0 0 0 
1.18041553970986 0 0 0 
1.17380747479715 0 0 0 
1.10751167937054 0 0 0 
1.10462257192033 0 0 0 
1.25414925006147 0 0 0 
1.11894516842882 0 0 0 
1.09656995328252 0 0 0 
1.16925866732235 0 0 0 
1.19384681583477 0 0 0 
1.09500245881485 0 0 0 
1.1546594541431 0 0 0 
1.19864150479469 0 0 0 
1.10622080157364 0 0 0 
1.11427342021146 0 0 0 
1.17463732480944 0 0 0 
1.22946889599213 0 0 0 
1.106190066388 0 0 0 
1.13830833538235 0 0 0 
1.24898573887386 0 0 0 
1.13283747233833 0 0 0 
1.10778829604131 0 0 0 
1.17638923039095 0 0 0 
1.16679985247111 0 0 0 
1.08744160314728 0 0 0 
1.15573518564052 0 0 0 
1.24031841652324 0 0 0 
1.12911851487583 0 0 0 
1.09097614949594 0 0 0 
1.21394762724367 0 0 0 
1.20481927710843 0 0 0 
1.07776001967052 0 0 0 
1.15687238750922 0 0 0 
1.20749323825916 0 0 0 
1.10769609048439 0 0 0 
1.09939759036145 0 0 0 
1.23017580526186 0 0 0 
1.22479714777477 0 0 0 
1.03795795426604 0 0 0 
1.18616301942464 0 0 0 
1.20528030489304 0 0 0 
1.1036083107942 0 0 0 
1.06558888615687 0 0 0 
1.24794074256209 0 0 0 
1.13855421686747 0 0 0 
1.0644824194